1001111000110101000001011000100001111010110110111100100111110101
0101001110001111000110100010010111100100000001000011010001110001
1010000111111101110010011011110001101111010101000001000010111101
1100000001111001111110101101111111000011000000011011010010010110
1100110001011110011100110010111000000110111100010101011101110011
0111101100011011100101001100000001100100000100010100100101101111
1010001000010010011110110110001010110000101110111100001011100001
1010101001110001101111110011011101010110010000011000110010110111
0111011111110111011111110111101010111111100011100011010101101010
0111011001100101000000000011111100000000101000001110111011000001
0001101110011010011100010111100000100110001100110010010010110001
0101100111001110001010000100011110001000110000000010100000111000
1101010111011111110111110001111101110110111000010101010100110001
0000101100010110011100111101110111111010100001110010000011000011
0101010000100100111111101110011010111100000001000111110011011101
0010000100000010000000011101001011110100001101110111011001101010
0010010011101111000000110010000100001101000000001110010111101100
1111001111111001101100101100111111101111101010111111110101000001
1110101010011010011110000001111110001001111110100000001000111000
0111111101010111001011110101100110011111010110001100100011111110
0000100011011011100001100010000010111101001011110111111111001111
0110000101111010010011000111110010000001100001000100110011000010
1010010000100001000111101000111010011011000111111010100011010000
0111101101111010010100111001110000111100110110101000011101001000
1100001011110011001101111110111000010011101100011001100110011100
0100100100101110000101010101100101111101110000111101011110010110
0110001100001111100010001010010001001010000111011100110000100110
0110100110111101010010111111000111110101001110010100101100101100
1110011001101111100111111111111100111010010100101011001100110110
0110111000110110111001100011101110100101010010100010101000100010
0101110111100011110010000111110111111010111111110101011111010111
1111010111101110110010111011100100100011110110101001111111111110
1100011001110100101101111010000111011110110001100011100010100100
0011001000001100001111100000100001011111111100110110100111100010
0100010001001010110110011110000010011010111011000100100000011101
1001001011001100101001111010101100101111010010000100100110000111
1100101000000001000100110000010100000100000000000111101001001001
0111101011101101101111000011110000000100000011001010111110000011
1101000001001001001110111110001001101011101101001010001011011111
0011011000001111010111111101010001000100110000000000001010101101
0101101001110011101100110011001110100110000000010101110101110000
0000000000110000110101011100011110000000001100000111010000010000
0001111001010100010011010011011011110110100010001101000101111110
0110101000001110111011000010010111000111011101001010101100101000
1000010001100111010001011001101110010100010110001010000110101111
1101001111011010011000001100001110101001000101010001101000011111
0011001101000101100001100100000001101011111100000010001101101001
0111001110010110011101111110011101100001011110111010111110111110
1011000101111111001011001101011100011110011001100110100001110111
1000111100110100001000001000001101000010011111101111101110100000
0011011001101100001101010100000011010001010101001100111111111001
1110110001010100111100111011111111101111101111111011000101001110
1101011011111111010110011111110000010001001101101000101011001100
0011100100000100110100110101111100110110000000010000000101011001
1010101000111001111000111100110111000000010100100101100010000010
1110010001111011100010010010110110010011101011010001111011001000
0000110000000000110101001101010110101101101110011101010100011100
1111010000001101111111010000001100101010001100101100010011101000
1001001101001010101101100100111110101100010010110101110010110000
1111110011110000100101101101111111111010010011010000011011000101
1101110100000100100100011001101010100010111110111000011110101010
0100111101100110000010010011010000011101111111011111101011000011
1011101100000100110110110010101111111010011011011101101100101100
1111101101111100001110101110011100000100100111101111110010010011
