1111000111111100111111100111000111001010110101100100101000100110
0110000100011100100010000000001110010000101100111011010010110000
0110011000101100100110110001100110111110001011100010101101000111
0001001010011100111110111101000111111000000110011010111100100101
0010110011010000000110010111111100101101100100001010100110100001
1101001111011110000001001010111011100101111011010001011010100000
1100001001011001011010011010010000101010101100011011100100110101
0111111111001010111111111100101011111111100101100010100100101110
1000100101100001001011110000001010011010100111100101111001011110
0101001111101011000101000110001101011010010010101111011001001111
0000011011111010101010110111100110110001111111000111010111010100
0110100110111101010010111111000111110101001110010100101100101100
1110000101101110011100001001101100010100000101011000111001000100
0101100010001000010000010000001000001111101100101101111010011000
0110111101100101100110011110000011101111111010100010101011110000
1100011001011001100111010011100011001001101101110110110010101101
0100001010100011101000100110100001011100101000101111010110010101
1110110101111011011101110101100001010011110100110010010001001110
0100011100101111101010111010000101010011100100100100001010110011
1111010001111111111100111111001100110100100111101011010011110011
1111001000010010010101000111010100010000101101001001000000010110
1011111101100001111111100111110111001000111001101001011110100011
1111001101000100010111011110011001111111011000010111100101011111
1111011010010100101110010110001110101011000101111101010111111100
0000010000110100100111010011001001000101100011010001111000101000
0101000110100010000111101001000000000010100010000001011000000000
0011000111100101101001101000001001000011111000011010100111100000
0101001110001111000110100010010111100100000001000011010001110001
1010001000010010011110110110001010110000101110111100001011100001
1100101001111000000011011011011000011011100110000100010001101110
0010010011101111000000110010000100001101000000001110010111101100
1110101010011010011110000001111110001001111110100000001000111000
0001111011100101111101010000000000011101011111000100001100100110
1101010110010011100001110101101110001010011110110101110011100001
1110011110101101111001101101000010101101000011010101010110010010
1000001000000000011101000110010001110001110010100000101110010110
0111100010110101100001011100011000001111100110111010011101111100
1010111011100100110010001001011010101010011001101101111111010110
0111000000011110101010010110101000111100110001001000101001000000
0111100000111110110100001010011011101100101001011010000010000011
0001101001110010010100111100001011111100011110100100111000000011
0001110000111100100010010000010101000101110100010001010001011001
0111010010100110110100011000111101100100110011011010001010111011
0100110000010111110001100000000110100000101001101101110100000111
0101100110101001010001001011101101110001101001100001001000000100
1110110001010100111100111011111111101111101111111011000101001110
0011011010110110101011001110101000100001100010110010100101100001
1011110100101011011010111001110100101100111110111001011111011000
1001100111000011000111111001010100111110000000111100101101111101
0011101110011110111001010010111000011001111010010001100110001011
0101101100000101010011001101011111111110011000011110101010010101
1111101101111100001110101110011100000100100111101111110010010011
0001010101110000011111111110010010011001100011100010000000000010
1100010101011100001011010011101110011000000011011000011110110011
1101111101000110110011110011010000100110111110000110111010001010
1111101000000101010001100011010001101110100101000111000101101010
1100110001011110011100110010111000000110111100010101011101110011
0011011010100010101110000111011010001001111111111011111000010101
1011010110010010100101110111001011010011001100110011011110110101
0010111000101000110010111011110111010111101100010101100010010110
1101100011001110100110010111001001000111111000111011101001011110
1000011111101111111110000010000011001000110011110110010111101011
0100010111000100010011100000001100111000111000011010111101110001
1010101001100011101111001111011100101111011011101001111010101000
0000000111111000101001001010000100010001000100101011111100100010
1110000110011000100111100111100010110001000010111010001010011011
1100100100000111100101111000100100011000000101111110110111101111
1110000001101011010011101000001010000010100001110001110110110010
0010111001011010101011100010001000101111110110001110111000010011
1101110100111000011010111011111000001001011000101011101100000101
1000110111101101111110000000010000011101000000111100011000111011
1111100100011111011010101111101100111011100100011011000010000101
1000110000010011000111110000000001000010010010111001011000010001
1001100000110101110110100101111011111000110010000001100100010101
1001000010010001011001000001100011011111001010110011101111000100
0001011010111010100001011001100110101111010011111001010100011011
0000101010000011101110000000011011100001010110001011011000001110
1011111111101111010000111101010000101010111110111100110111010101
0000111100100101011111011001010011111100100101010011001001010011
0000001001101000001110101100001000100011001100010000010010000111
0111101010100101001101001100000100000001010010101001101000100101
0001101110011010011100010111100000100110001100110010010010110001
1010000000010010001000010110001011010100100011101101000100001011
0111110001001110110110011110110010011100101001100101101111110111
1011101011110111001111010011101010101010001110010111001011101111
0010101101000101000000100110001100011100010000100000000001001000
1110001111111011001101000000010000101101011010011111111000111011
0001111100001010111010100110000101010111101110000101011000011111
1001100110011011101110010101111001010101101001000010010101000000
0110000111110111110011100010000101110000001111010001001000001011
1000010001101110111010010011000100111001010001101010110110111110
0010000110110011101111111100000111000101101011001110111100011110
1101110101010101001000100110101100100010101000111100100110001100
1011010110010110011110010101101101111101001101111110010101110100
0001110101110001001010110000000000111000001001101001001011101110
0100111001101010110100001011110101110101111001011111100100101101
0001111001010100010011010011011011110110100010001101000101111110
1100011011101100110001110100011001111101111010111111110011101011
0110000000110110111001111110001010001010101001010011111010011011
0000000011100100011010110111111100111110010011111000100111110111
0000101101110001101100001000110001010100010011101110101010111011
1101011011111111010110011111110000010001001101101000101011001100
0110000000110100000010000000001111101000101100110110100101011001
1011000110101010001000100110001110100001001000110011011101110100
1101101010001111110110111110011111100010100000111111001001101111
1010101000111001111000111100110111000000010100100101100010000010
0101101001001001101111011111001010011011010111000011110000010011
