1010101000111001111000111100110111000000010100100101100010000010
1101011011111111010110011111110000010001001101101000101011001100
0001111001010100010011010011011011110110100010001101000101111110
1010001000010010011110110110001010110000101110111100001011100001
1111101101111100001110101110011100000100100111101111110010010011
1111101000000101010001100011010001101110100101000111000101101010
1110101010011010011110000001111110001001111110100000001000111000
0011100110001110101010000111100111011101101000110110001000000110
1110110001010100111100111011111111101111101111111011000101001110
1101110100111000011010111011111000001001011000101011101100000101
0111101100011011100101001100000001100100000100010100100101101111
1110011110101101111001101101000010101101000011010101010110010010
1100000001111001111110101101111111000011000000011011010010010110
0011011010110110101011001110101000100001100010110010100101100001
1011010110010010100101110111001011010011001100110011011110110101
1100000000100011001011110110111101010000101001101010000111011101
0011011001101100001101010100000011010001010101001100111111111001
0110011000101100100110110001100110111110001011100010101101000111
0010000110110011101111111100000111000101101011001110111100011110
0000110000111001111010110000001011001011111100110010000101001010
0000100011011011100001100010000010111101001011110111111111001111
1000010001100111010001011001101110010100010110001010000110101111
0100011100101111101010111010000101010011100100100100001010110011
1001110011111100110000011001011011010011110011110010100110011011
0100110000010111110001100000000110100000101001101101110100000111
1010001000010100110010001011111101011001111111010110101011000011
0001101011001110001011001110100000100110111110010011000111111110
0101001001100000100101010000000001100111001110100011011011001101
0100010111000100010011100000001100111000111000011010111101110001
1100100100000111100101111000100100011000000101111110110111101111
0011000101010100011000101100011110110100101101111001111100101111
0001110000111100100010010000010101000101110100010001010001011001
1110001011100001010001110110001011101000010110001000101000101010
1101011101100010000011100000000100000101111110001101111011110101
0110000111110111110011100010000101110000001111010001001000001011
0000000001011111110000000010000011010001010011010010010100011111
1010111100110100101000110101100000100010100110001000110001000001
1101010100111010110000010100001011111000011011101111100011011001
0101000100100001000010101000011011111111011110000000000001000100
1011010101111111000110111010000010111000010101001111110100111010
0100011011011110010011011100001110110001101101101010100010110001
1000100101100001001011110000001010011010100111100101111001011110
0011001101010101001011111010010011101110111110110111111100001111
0000000100110101011111111110001011111011101010111101011110110111
1101100110011110000111110111111111101010010001001001100000011110
1000110111101101111110000000010000011101000000111100011000111011
0001010101101100111100011100001011110001101010101000100100111110
0111101010100101001101001100000100000001010010101001101000100101
