1111101101111100001110101110011100000100100111101111110010010011
1110101010011010011110000001111110001001111110100000001000111000
1110110001010100111100111011111111101111101111111011000101001110
0101001110001111000110100010010111100100000001000011010001110001
1110000001101011010011101000001010000010100001110001110110110010
1111011010010100101110010110001110101011000101111101010111111100
0010000110110011101111111100000111000101101011001110111100011110
0100011100101111101010111010000101010011100100100100001010110011
0100110000010111110001100000000110100000101001101101110100000111
0000101101110001101100001000110001010100010011101110101010111011
0001101001110010010100111100001011111100011110100100111000000011
0100010111000100010011100000001100111000111000011010111101110001
1100100100000111100101111000100100011000000101111110110111101111
0001110000111100100010010000010101000101110100010001010001011001
0000011011111010101010110111100110110001111111000111010111010100
0011000111100101101001101000001001000011111000011010100111100000
0110000111110111110011100010000101110000001111010001001000001011
0100111001101010110100001011110101110101111001011111100100101101
1000100101100001001011110000001010011010100111100101111001011110
1000110111101101111110000000010000011101000000111100011000111011
0111101010100101001101001100000100000001010010101001101000100101
