1010101000111001111000111100110111000000010100100101100010000010
1101011011111111010110011111110000010001001101101000101011001100
1111100100011111011010101111101100111011100100011011000010000101
1111101000000101010001100011010001101110100101000111000101101010
1110101010011010011110000001111110001001111110100000001000111000
1101110100111000011010111011111000001001011000101011101100000101
1101010110010011100001110101101110001010011110110101110011100001
0110000100011100100010000000001110010000101100111011010010110000
0011011010110110101011001110101000100001100010110010100101100001
1011010110010010100101110111001011010011001100110011011110110101
1101100011001110100110010111001001000111111000111011101001011110
1000001000000000011101000110010001110001110010100000101110010110
1011101011110111001111010011101010101010001110010111001011101111
0101100010001000010000010000001000001111101100101101111010011000
1111000111111100111111100111000111001010110101100100101000100110
0000000111111000101001001010000100010001000100101011111100100010
0011000111100101101001101000001001000011111000011010100111100000
0100001010100011101000100110100001011100101000101111010110010101
0001111011100101111101010000000000011101011111000100001100100110
1101111101000110110011110011010000100110111110000110111010001010
1100001001011001011010011010010000101010101100011011100100110101
