1010101000111001111000111100110111000000010100100101100010000010
1101011011111111010110011111110000010001001101101000101011001100
1010001000010010011110110110001010110000101110111100001011100001
0001100110110000011001010000110001001011000001000100000010001010
0011011010110110101011001110101000100001100010110010100101100001
1111001111111001101100101100111111101111101010111111110101000001
1111101001111111110111110011110000100001110011110000001011010101
1010000111111101110010011011110001101111010101000001000010111101
0011100100000100110100110101111100110110000000010000000101011001
0111001110010110011101111110011101100001011110111010111110111110
1111011111111100001001010111101110101011110000100010110000001011
0110000101111010010011000111110010000001100001000100110011000010
0111111101010111001011110101100110011111010110001100100011111110
1100011001110100101101111010000111011110110001100011100010100100
0100000000001001110110001101011100000000000000001001000001100100
0111111101010100111111111111001011001101111101001111111110100101
