1111111111111110111100110110011011110110011110110011100111000100
0101001110001111000110100010010111100100000001000011010001110001
1011010100100011100110100010101111001100000000110010000110001010
0101000110100010000111101001000000000010100010000001011000000000
0111101010100101001101001100000100000001010010101001101000100101
0000100010101100100101010000010000001000110010000000010011111000
1001000010010001011001000001100011011111001010110011101111000100
0110000100011100100010000000001110010000101100111011010010110000
1110100111011000101001100001110100110100110000011101100110011111
0010110011010000000110010111111100101101100100001010100110100001
1100101001111000000011011011011000011011100110000100010001101110
1110101010011010011110000001111110001001111110100000001000111000
0010111000101000110010111011110111010111101100010101100010010110
0011011000110011011011000100011100110001100100000000000011010100
1101100011001110100110010111001001000111111000111011101001011110
1000100101100001001011110000001010011010100111100101111001011110
1010100010000110100000111100010000100011110001000100001000101101
0000011011111010101010110111100110110001111111000111010111010100
1010101110010011111001111110101110001101100000111100111101101111
0010110001000101011110000000100100010000011101010001100001100010
1000001000000000011101000110010001110001110010100000101110010110
0110011000101000001001100100000000111100011010000111010100010001
0100010111000100010011100000001100111000111000011010111101110001
0111000000011110101010010110101000111100110001001000101001000000
0110000111110111110011100010000101110000001111010001001000001011
0010000110110011101111111100000111000101101011001110111100011110
1100100100000111100101111000100100011000000101111110110111101111
1110000001101011010011101000001010000010100001110001110110110010
1001101000010110100110001101110001010001101001111100110010110011
0001101001110010010100111100001011111100011110100100111000000011
1000100110010111110011011010011001110110011110000011011000111001
0001110000111100100010010000010101000101110100010001010001011001
0100011100101111101010111010000101010011100100100100001010110011
0111010010100110110100011000111101100100110011011010001010111011
0100110000010111110001100000000110100000101001101101110100000111
1000110111101101111110000000010000011101000000111100011000111011
1100111010010110101010101011111001101111100110101110011111100011
0100111001101010110100001011110101110101111001011111100100101101
1111010010001100111000110001101101100011010010010010110010101111
0000000011100100011010110111111100111110010011111000100111110111
0000101101110001101100001000110001010100010011101110101010111011
1110110001010100111100111011111111101111101111111011000101001110
1101011011111111010110011111110000010001001101101000101011001100
0001111001010100010011010011011011110110100010001101000101111110
1111011010010100101110010110001110101011000101111101010111111100
1010101000111001111000111100110111000000010100100101100010000010
1110010100101110000101111000000101110001000100011110110001111000
1011101101000111011101001011101111101101000101001101101101010010
0011000111100101101001101000001001000011111000011010100111100000
0000101010000011101110000000011011100001010110001011011000001110
1111101101111100001110101110011100000100100111101111110010010011
