0101001110001111000110100010010111100100000001000011010001110001
1011111011100101010010000010010001000001001110001010001011011011
1011010100100011100110100010101111001100000000110010000110001010
0111101010100101001101001100000100000001010010101001101000100101
1100110001011110011100110010111000000110111100010101011101110011
1001000010010001011001000001100011011111001010110011101111000100
0110000100011100100010000000001110010000101100111011010010110000
1110100111011000101001100001110100110100110000011101100110011111
0001010010001010110001010011110101010111110011101100010101101111
1110111000001001010101110100011000111010010110100100101011010111
1110101010011010011110000001111110001001111110100000001000111000
1101100011001110100110010111001001000111111000111011101001011110
1000100101100001001011110000001010011010100111100101111001011110
0110000101111010010011000111110010000001100001000100110011000010
0000011011111010101010110111100110110001111111000111010111010100
1000001000000000011101000110010001110001110010100000101110010110
0100010111000100010011100000001100111000111000011010111101110001
0110000111110111110011100010000101110000001111010001001000001011
0010000110110011101111111100000111000101101011001110111100011110
1100100100000111100101111000100100011000000101111110110111101111
1110000001101011010011101000001010000010100001110001110110110010
0001101001110010010100111100001011111100011110100100111000000011
0001110000111100100010010000010101000101110100010001010001011001
0100011100101111101010111010000101010011100100100100001010110011
0100110000010111110001100000000110100000101001101101110100000111
1000110111101101111110000000010000011101000000111100011000111011
1100111010010110101010101011111001101111100110101110011111100011
0100111001101010110100001011110101110101111001011111100100101101
1111010010001100111000110001101101100011010010010010110010101111
0000101101110001101100001000110001010100010011101110101010111011
1110110001010100111100111011111111101111101111111011000101001110
1101011011111111010110011111110000010001001101101000101011001100
0100000000000000011100010110000011001101001101111111111110111010
1111011010010100101110010110001110101011000101111101010111111100
0000100011011011100001100010000010111101001011110111111111001111
1010101000111001111000111100110111000000010100100101100010000010
1110010100101110000101111000000101110001000100011110110001111000
0011000111100101101001101000001001000011111000011010100111100000
1101101101100100000001001100100001111111111001100011001001001010
1111101101111100001110101110011100000100100111101111110010010011
