1010101000111001111000111100110111000000010100100101100010000010
1110101010011010011110000001111110001001111110100000001000111000
1110110001010100111100111011111111101111101111111011000101001110
1110000001101011010011101000001010000010100001110001110110110010
1111011010010100101110010110001110101011000101111101010111111100
0010000110110011101111111100000111000101101011001110111100011110
0101010000011100111010000010001010101101111001001011010110110010
0100011100101111101010111010000101010011100100100100001010110011
0100110000010111110001100000000110100000101001101101110100000111
1001101111101111000101001000001010110110001001001000001111011010
0100010111000100010011100000001100111000111000011010111101110001
1110000101001110101101000000001001011011010110100111011010100101
1100100100000111100101111000100100011000000101111110110111101111
0001110000111100100010010000010101000101110100010001010001011001
0110000111110111110011100010000101110000001111010001001000001011
0100111001101010110100001011110101110101111001011111100100101101
0010010001001100101001001100110010011111001011111111111111100000
1000100101100001001011110000001010011010100111100101111001011110
1000110111101101111110000000010000011101000000111100011000111011
0111101010100101001101001100000100000001010010101001101000100101
