1010101000111001111000111100110111000000010100100101100010000010
1101011011111111010110011111110000010001001101101000101011001100
1111100100011111011010101111101100111011100100011011000010000101
0001111001010100010011010011011011110110100010001101000101111110
1010001000010010011110110110001010110000101110111100001011100001
1111101000000101010001100011010001101110100101000111000101101010
1110101010011010011110000001111110001001111110100000001000111000
1111010000001101111111010000001100101010001100101100010011101000
1100110001011110011100110010111000000110111100010101011101110011
0111010010100110110100011000111101100100110011011010001010111011
0010010011101111000000110010000100001101000000001110010111101100
1011110100101011011010111001110100101100111110111001011111011000
0111101100011011100101001100000001100100000100010100100101101111
1100000001111001111110101101111111000011000000011011010010010110
0111110111100101011001000000001101000000110011001110100000001110
1010110100010000010000110111001011001010111111011110010001001100
0011011001101100001101010100000011010001010101001100111111111001
1110001110000001100101100110000101011011001110001011111001100001
0111101111011110011000100100110011001111101001011111110010000000
1110000011000100001111000011011101110110101011010111010111101010
0010000110110011101111111100000111000101101011001110111100011110
1000010101010010110110110000010011101011110010101010000011110100
0000110000111001111010110000001011001011111100110010000101001010
0111110000111001011100110100010111011001011010100010100100001001
1010101111111010000101000011110101001001011110010010011001111000
0110100110111101100001100000000101101011001011111011001101001001
0000100011011011100001100010000010111101001011110111111111001111
0100011000101000010111011100001001011010100011100001011010010100
1110100011110100110111010001011010101100000111000110111011010011
1111001001001001110100001000101000001011101110110100110010101111
1001100000011010011010010010010001100110101101100010101000000101
0100011100101111101010111010000101010011100100100100001010110011
1111100011000111001101001011110001101011000001100100001010110011
1101110111101000110110111000001011101100100110100111011101101111
0100110000010111110001100000000110100000101001101101110100000111
1100011011101100110001110100011001111101111010111111110011101011
0010111100101001100000110111111001100111111101111100101111000101
0000111100100100011011000111101110010001100101101000111111000111
0111001000101010001000010100010000010101111110101110111011001011
1001110000001000010110011000000011100001010001001111110001001100
0001101001110010010100111100001011111100011110100100111000000011
0101000101001000011000100100000101100110010001101110000010111100
1101010001110000111001111010001001110101111000010000111100000010
0100010111000100010011100000001100111000111000011010111101110001
1100100100000111100101111000100100011000000101111110110111101111
0010111101011001000001010000010101001111010001011011111000100111
0010101010000100111110110010001011010001100011100001101001000011
0011000101010100011000101100011110110100101101111001111100101111
0001110000111100100010010000010101000101110100010001010001011001
1001100010100110000011001111000000010111110100011110100100011010
