1010101000111001111000111100110111000000010100100101100010000010
1101011011111111010110011111110000010001001101101000101011001100
1111100100011111011010101111101100111011100100011011000010000101
0001111001010100010011010011011011110110100010001101000101111110
1010001000010010011110110110001010110000101110111100001011100001
1111101101111100001110101110011100000100100111101111110010010011
1111101000000101010001100011010001101110100101000111000101101010
1110101010011010011110000001111110001001111110100000001000111000
0110111000110110111001100011101110100101010010100010101000100010
0011100110001110101010000111100111011101101000110110001000000110
0111101101111010010100111001110000111100110110101000011101001000
0100111101000111101110000101111111111001100101101011110100010001
0111000000011110101010010110101000111100110001001000101001000000
0011110010101001101001010110111000010000110100011011111011001011
1111010000110110110110011000000000100110010101000011000111010000
1110011110101101111001101101000010101101000011010101010110010010
0101001110001111000110100010010111100100000001000011010001110001
0011011010110110101011001110101000100001100010110010100101100001
0100001010001011000101001101000001111011011011011011001000000010
1011101101000111011101001011101111101101000101001101101101010010
1100010000001111110101110001010111100101100000011100010101011011
0010101000101101001110100000101110111111001010110000011101011011
0111001100010011000011101001011001101001000101011010011010001010
0000101100010110011100111101110111111010100001110010000011000011
0110100110111101010010111111000111110101001110010100101100101100
0101001010011000001001000111111100001101100011110100011000010110
1011111101100001111111100111110111001000111001101001011110100011
0111100010110101100001011100011000001111100110111010011101111100
1111000100010100101110101110101000100111101000010111000110001010
1111110000010111100100101000110101100100010011111101001011111110
1111001101010000100110010100011110000100011111000111010001110011
1110000011000100001111000011011101110110101011010111010111101010
1001000010010001011001000001100011011111001010110011101111000100
0110100110010110111101110111001011111110100100110001111101011000
0100111100010001010110101111101110000101011100000100011000101110
1010111010001101010101111011110101101011111100110011000101101010
1111101001111111110111110011110000100001110011110000001011010101
0010100010010011100001110000001010001100101011100100000010010100
1011100100101011010000011110000100001000100010011111011101010110
1101110110101101111000001001110000011100111010001110010100101101
0011011100001011011000110001111100010111100111100101001110000001
0110001001110001001010111101000111110101110000001110001000100011
1010101111111010000101000011110101001001011110010010011001111000
0100001011000110011101010100010100000100100101100011010001111010
1011101100100101010000110001001110010000001101001011010100000000
1000101001000101000111010001100110100101011001000010000010000000
1011100001110001000110011101110100001100010010110001110001110011
0000101101010010000110101111101110100110100101010100110001011010
1100000011011011101111111111111110110001111110110001000010111110
0000100001110011101000100100000001110111111010010110010011000001
1010101101010001010010010110011001010011001000111000001111101010
1110100011110100110111010001011010101100000111000110111011010011
1000100111110100111011010101100111001001000100010001010100111001
1101101110001001011111011110000011000100111100011110101111011000
1111111111000110010000000011110010010010000010001011100010001001
1110001001010010011011111000101000001111011010001101011101111001
0110101010011010011000111000010101011010100011001110111101110001
0000101010010111001101001000011111111010011011101111010001000001
1000110110010100011000110011011000010101110000011011011010010110
0010110011100100001011010101011001000100101110111000110100101011
0001100000101110101000010000111010011100001000111011100000111101
0011100100000100110100110101111100110110000000010000000101011001
0011011001000001101001100110000000001101001100010111010011101101
1010001111000111100001001000101000011100111001001000111010100001
0100000010100000100111010000010000000010010010100000100111011000
0101110001101010110110110011101111001101100010101000101010110000
0101000101001000011000100100000101100110010001101110000010111100
1000000010100001111011011001010111110111000001110001110010101010
0111100001010001001000111011011011001101010110000110111011011111
1101010110011110001100011100010000001100100101001101000110100000
1000011001101001100010010111011000100010110010001101011111000001
1000000100100001001100101100110110010101010110100101001011010000
1101101000100101110110001110111111010100101101011010011001000100
1110000111110001011010100010010001110111100011000110101101011110
1010101101000000110000100101000001101011000011100100010011000000
0010100100000010011110011110001000000010000010010010111111001001
0010010001111011101010011100101011110100011100000010001101111111
