1010101000111001111000111100110111000000010100100101100010000010
1101011011111111010110011111110000010001001101101000101011001100
1111100100011111011010101111101100111011100100011011000010000101
0001111001010100010011010011011011110110100010001101000101111110
1111101000000101010001100011010001101110100101000111000101101010
1110101010011010011110000001111110001001111110100000001000111000
0011100110001110101010000111100111011101101000110110001000000110
0111101101111010010100111001110000111100110110101000011101001000
0011110010101001101001010110111000010000110100011011111011001011
1101010111011111110111110001111101110110111000010101010100110001
1101000110111010110100010100010011101110000001011010101101111001
1000001000000000011101000110010001110001110010100000101110010110
0111110111010110101111000111111101000000001010101010101010010001
0100000000001001110110001101011100000000000000001001000001100100
