1010101000111001111000111100110111000000010100100101100010000010
1101011011111111010110011111110000010001001101101000101011001100
1111101000000101010001100011010001101110100101000111000101101010
0110111000110110111001100011101110100101010010100010101000100010
1110101001110011000110110110010110000101001001011000000010000000
1110100000101011011011010101111100011011100111110100001110111101
1001100000011010011010010010010001100110101101100010101000000101
0001010110010000001001011011110001010001001110000001001101111010
0111011001001000000011111001011111111110110101011101110111111010
1000101010110000111111011010011110100101100110010101111111011101
0111011111100101001010100001110100110100101001000101000111010001
1111011101111111010001000110001101000000000100101100100010101001
1000110101000000111100111000000000100111000101000111001010011111
1011011111110111110010011000010111110101100001011101111011101100
1111110110110000011100000100111011100111100010001111111001111000
0011000010010100010100101111101111011010111111011000001100110111
0110111101000111100011101010101001001010110111001100000101011111
0001010101010000110000101001010010000011101010111000100001101000
1010010110101000010111100001011110101100010010110111001001000111
1100000010010111101000100000101001001111000010001011110111100100
1011111011001001110111100111100100000000001100011011111100110000
1100101100011111111101100101110111010011011001101000001000001110
0000101001101001000001101111100110011101101110111100100001110111
1010101000101000000000001000010000111100001100011111100000011111
