0001111001010100010011010011011011110110100010001101000101111110
1110101010011010011110000001111110001001111110100000001000111000
0011100110001110101010000111100111011101101000110110001000000110
1011111101100001111111100111110111001000111001101001011110100011
0110001001110001001010111101000111110101110000001110001000100011
0000100001110011101000100100000001110111111010010110010011000001
1000100101110001011000100100110010111110111001111100001100000011
0100011100101111101010111010000101010011100100100100001010110011
0110100111001011100001101000001010111111100001001111111010110111
1001101111101111000101001000001010110110001001001000001111011010
0010010000001001001100101100000111001100110100110000011110100111
1100100100000111100101111000100100011000000101111110110111101111
1110000111000101111011100100001011101001010110101101001011010110
1100110010010110110100001111111100011100010110110001001100011010
0011001011101100010001110011101101000001011010101001100010100011
1010110101001000010011111000001011000001011110111010110100011010
1000100101100001001011110000001010011010100111100101111001011110
1000110111101101111110000000010000011101000000111100011000111011
0111011011011000101001010110000010110111111110001111000111111111
1000000001100011101101011110000100010111110100101010110101011111
