1010101000111001111000111100110111000000010100100101100010000010
1101011011111111010110011111110000010001001101101000101011001100
0001111001010100010011010011011011110110100010001101000101111110
1110101010011010011110000001111110001001111110100000001000111000
1001111110111110110101011101010111011010100110101100011111100100
0111000000011110101010010110101000111100110001001000101001000000
0000111010101100110001101010110101001000001011010010011011011010
1011101101000111011101001011101111101101000101001101101101010010
0000110100001100000110110101101011001100000011000000100111000100
0001010110100010010011110100111110001110101001100111101000110101
1101110100011100110000110001010110000011111010100011110010110010
0101110110101100100111100001000000010010111111011010001011111001
1010111111111001100111001101101101110000101011011000011001011111
1010101110010011111001111110101110001101100000111100111101101111
0010100110000010100011001110100010110100011010101011000000001111
1000100110010111110011011010011001110110011110000011011000111001
0111111101010100111111111111001011001101111101001111111110100101
0000100101110100100000100011001001101010011101100001011100000010
1101110011000111001010010010100010000111101010010001101100001101
