1010101000111001111000111100110111000000010100100101100010000010
0001111001010100010011010011011011110110100010001101000101111110
0011100110001110101010000111100111011101101000110110001000000110
1110110001010100111100111011111111101111101111111011000101001110
1100110100011101011111100100001101000100100011110101010010000100
0000001001101000001110101100001000100011001100010000010010000111
1101001101010010111001000001000010110110001100001101001101111100
1000101001000101000111010001100110100101011001000010000010000000
0011101111011101010111100000000010010100000101101111000111100001
1100101001111000000011011011011000011011100110000100010001101110
1011000110101010001000100110001110100001001000110011011101110100
0001110101110001001010110000000000111000001001101001001011101110
0101111111000111110000101110110111101110010001110001001011001000
0101100110101001010001001011101101110001101001100001001000000100
1001101111110111110110000110100001010111111001110000110000110110
1011111111101111010000111101010000101010111110111100110111010101
0010111000101000110010111011110111010111101100010101100010010110
0101101100000110110101010010000001010000100000001001100110011010
1100010101011100001011010011101110011000000011011000011110110011
0110110000111011000111111011001100100100000111100001110010101001
0010001110100011010011111000110101010011000000010010001011100100
1101110101010101001000100110101100100010101000111100100110001100
1111010100101100001010010101010111100111111010111000100111010101
0010110011010000000110010111111100101101100100001010100110100001
0111111101010100111111111111001011001101111101001111111110100101
0101110000110100100100100011010111010001001011011101000000010001
