0000101001101001000001101111100110011101101110111100100001110111
0110000100011100100010000000001110010000101100111011010010110000
0001001010011100111110111101000111111000000110011010111100100101
0010110011010000000110010111111100101101100100001010100110100001
1111000110100111010110011111101001100011101001001110111001011001
1101001111011110000001001010111011100101111011010001011010100000
0111111111001010111111111100101011111111100101100010100100101110
1000100101100001001011110000001010011010100111100101111001011110
1100000010010111101000100000101001001111000010001011110111100100
1110011110101101111001101101000010101101000011010101010110010010
0010010001001100101001001100110010011111001011111111111111100000
1100100100000111100101111000100100011000000101111110110111101111
0111110001001110110110011110110010011100101001100101101111110111
1001100110011011101110010101111001010101101001000010010101000000
1101110101010101001000100110101100100010101000111100100110001100
0100111001101010110100001011110101110101111001011111100100101101
0110011100010111100011011011011101100100111001111011000000110100
