0101010000011100111010000010001010101101111001001011010110110010
1111111111111110111100110110011011110110011110110011100111000100
1110000111011010010010101011001011110110011000010111110110111000
1010001000010100110010001011111101011001111111010110101011000011
1110101001110011000110110110010110000101001001011000000010000000
0010110001000101011110000000100100010000011101010001100001100010
0010101011010000000100001101111000000001001110101111111111001001
1010101000111001111000111100110111000000010100100101100010000010
0000011001000001001101100010110111011011100000111000011000011001
1110110011101000000001000100111101110111101000101011010101000100
1100000001111001111110101101111111000011000000011011010010010110
1001000010010001011001000001100011011111001010110011101111000100
0111011111110111011111110111101010111111100011100011010101101010
0100011100110001110001011110010100110111001111101001000000000101
1111110110110000011100000100111011100111100010001111111001111000
0010110011010000000110010111111100101101100100001010100110100001
1100101001111000000011011011011000011011100110000100010001101110
0101001111101011000101000110001101011010010010101111011001001111
1010111011100100110010001001011010101010011001101101111111010110
1111001101001000010111010001011110100001010101011100101010100001
1000010101010010110110110000010011101011110010101010000011110100
1110101010011010011110000001111110001001111110100000001000111000
1100111000101001100011101101101000101100111000000100010011111111
1101110101010101001000100110101100100010101000111100100110001100
1000100101100001001011110000001010011010100111100101111001011110
1010100010000110100000111100010000100011110001000100001000101101
1010101110010011111001111110101110001101100000111100111101101111
1100000000011110100010000100001000000011111000101001011011011111
1001101111101111000101001000001010110110001001001000001111011010
1101110100000100100100011001101010100010111110111000011110101010
1010011100100011100111101111011110110100101001001001000000011000
0010010001001100101001001100110010011111001011111111111111100000
1001100110011011101110010101111001010101101001000010010101000000
1111111101100111010111111011011000110001101010100100000001101101
0110111000110110111001100011101110100101010010100010101000100010
0001110101101100100110011001100000010101000011101011110111110111
0100000000001001110110001101011100000000000000001001000001100100
1001110110100001110101100110110100100100011111100111011011000111
0010000110110011101111111100000111000101101011001110111100011110
1100011001110100101101111010000111011110110001100011100010100100
1100100100000111100101111000100100011000000101111110110111101111
1001101101010010111110110010101000101001100000011011111111111011
0011001000001100001111100000100001011111111100110110100111100010
1001101000010110100110001101110001010001101001111100110010110011
1000011001101110110010000110000010101101000001011011110001111010
0011101111101101110001010000111000111100010100101101101011000001
0100000000000111110000010100000000010001001110010000101001000011
0100011100100011010001101100010000011010011011100110011011000101
0100011100101111101010111010000101010011100100100100001010110011
0111010010100110110100011000111101100100110011011010001010111011
0001111001010100010011010011011011110110100010001101000101111110
0010110110011100101000100100110101001010010100001101001010101100
1011110101110100101010000000000011101100110000001000010001111000
0010100010000001000001110110010010011100110110110111001101110111
1010000000010010001101011000000100010000000101010010011100000101
1111110011110000100101101101111111111010010011010000011011000101
0010111000101000110010111011110111010111101100010101100010010110
1110000101001110101101000000001001011011010110100111011010100101
0001110101110001001010110000000000111000001001101001001011101110
1111001101000100010111011110011001111111011000010111100101011111
0000000011100100011010110111111100111110010011111000100111110111
0010000100000000100000111000010110101111111001111001111010111011
1000110111101101111110000000010000011101000000111100011000111011
1111100010111010010100010110011111101011000010011011001110010111
1101011011111111010110011111110000010001001101101000101011001100
0110100110111101010010111111000111110101001110010100101100101100
0001010010001010110001010011110101010111110011101100010101101111
0111110111100101011001000000001101000000110011001110100000001110
0000100011011011100001100010000010111101001011110111111111001111
0101000110100010000111101001000000000010100010000001011000000000
1111110101111111101100101111011000000010000110000100011110101110
1100011101100100111011110111000100111001100010110001110001110001
1101010110010011100001110101101110001010011110110101110011100001
0110000101111010010011000111110010000001100001000100110011000010
0000101010000011101110000000011011100001010110001011011000001110
1011110011011111001010000110000111101101111101111001111100111111
1010111010001110000000110110111101100011001000011011011111111011
1011100011100011011010111011010110110100010110011100010001111111
1111101101111100001110101110011100000100100111101111110010010011
0111101101111010010100111001110000111100110110101000011101001000
1010101100110110001010100101100101111100001100101010101001101010
0000111110101011101001010000000011111001101110100110011111110000
