1101110101010101001000100110101100100010101000111100100110001100
1010001000010100110010001011111101011001111111010110101011000011
0010110001000101011110000000100100010000011101010001100001100010
0010101011010000000100001101111000000001001110101111111111001001
1100000001111001111110101101111111000011000000011011010010010110
0000011001000001001101100010110111011011100000111000011000011001
0110101000101001110110111100100000111010101100011101101011100111
0111011111110111011111110111101010111111100011100011010101101010
0101000110100010000111101001000000000010100010000001011000000000
1000101000100110110100101011100100001110100000010000000101000000
1010100010000110100000111100010000100011110001000100001000101101
1001000100010001011011010011111111100001111000001110000001110010
1111110110110000011100000100111011100111100010001111111001111000
0010110011010000000110010111111100101101100100001010100110100001
1100101001111000000011011011011000011011100110000100010001101110
0110111101000111100011101010101001001010110111001100000101011111
0000010000101101010110110000011100011100000111111100000100000011
0101001111101011000101000110001101011010010010101111011001001111
1110101010011010011110000001111110001001111110100000001000111000
1011111011001001110111100111100100000000001100011011111100110000
0010111000101000110010111011110111010111101100010101100010010110
0001010101010000110000101001010010000011101010111000100001101000
1000100101100001001011110000001010011010100111100101111001011110
0110000101111010010011000111110010000001100001000100110011000010
1010101110010011111001111110101110001101100000111100111101101111
0110111111101100110111111011101110000010000001001011000101010010
1010111011100100110010001001011010101010011001101101111111010110
0110100110111101010010111111000111110101001110010100101100101100
1111111101100111010111111011011000110001101010100100000001101101
0001110101101100100110011001100000010101000011101011110111110111
1001110110100001110101100110110100100100011111100111011011000111
1111010101011100001001010101110011110101101100100000010100000000
1100011001110100101101111010000111011110110001100011100010100100
1111111111111110111100110110011011110110011110110011100111000100
0011000010010100010100101111101111011010111111011000001100110111
1001101000010110100110001101110001010001101001111100110010110011
1000100110010111110011011010011001110110011110000011011000111001
1110110001010100111100111011111111101111101111111011000101001110
0111011001001000000011111001011111111110110101011101110111111010
1100110101110100001111100000011001100110001001110100000100010010
0001110101110001001010110000000000111000001001101001001011101110
0011000101111011101001101101011001011101100110111100001000001000
0100011100101111101010111010000101010011100100100100001010110011
0001111001010100010011010011011011110110100010001101000101111110
1000101010110000111111011010011110100101100110010101111111011101
0010100010000001000001110110010010011100110110110111001101110111
1111110011110000100101101101111111111010010011010000011011000101
1000001000111010001111110101011011101001000000000100000010010000
1100111000101001100011101101101000101100111000000100010011111111
0101100110101001010001001011101101110001101001100001001000000100
0000000011100100011010110111111100111110010011111000100111110111
1000110111101101111110000000010000011101000000111100011000111011
0110001011001000000000001000010010100001000100010010000100100010
1101011011111111010110011111110000010001001101101000101011001100
0100000000000000011100010110000011001101001101111111111110111010
0000100011011011100001100010000010111101001011110111111111001111
1010101000111001111000111100110111000000010100100101100010000010
1111110101111111101100101111011000000010000110000100011110101110
1011101101000111011101001011101111101101000101001101101101010010
1001000010010001011001000001100011011111001010110011101111000100
0000101010000011101110000000011011100001010110001011011000001110
1101110100000100100100011001101010100010111110111000011110101010
1111100100011111011010101111101100111011100100011011000010000101
1011100011100011011010111011010110110100010110011100010001111111
1100100100000111100101111000100100011000000101111110110111101111
1010101100110110001010100101100101111100001100101010101001101010
0111111111111001101101111100101101000101011100000110010101001010
