1010001000010100110010001011111101011001111111010110101011000011
0111011001100101000000000011111100000000101000001110111011000001
0110011000101100100110110001100110111110001011100010101101000111
1111101011101101001101000110011101011010011000010011111011111111
0001001010011100111110111101000111111000000110011010111100100101
0010110011010000000110010111111100101101100100001010100110100001
1000011111101010110111000010101001100100111101010011100011001000
1101001111011110000001001010111011100101111011010001011010100000
0111111111001010111111111100101011111111100101100010100100101110
0000100011011011100001100010000010111101001011110111111111001111
0100000000000000011100010110000011001101001101111111111110111010
1010111011100100110010001001011010101010011001101101111111010110
1110011000011011001111101100001001110110100001011101110100011001
1100011001011001100111010011100011001001101101110110110010101101
1110110101111011011101110101100001010011110100110010010001001110
0000111010101100110001101010110101001000001011010010011011011010
1101000001001001001110111110001001101011101101001010001011011111
0100011100101111101010111010000101010011100100100100001010110011
1011111101000010001110000010000001101111011111000101111001111111
1000110111101101111110000000010000011101000000111100011000111011
0010101100011100110000100100000101010010010101101110001010000101
1101110000110000010100111011101111101011101000001110110010100011
1011111011001001110111100111100100000000001100011011111100110000
1011111101100001111111100111110111001000111001101001011110100011
1111001101000100010111011110011001111111011000010111100101011111
0110011011101110001100000010000010001011110011010001010111100011
1110011110010111011001011100011010111101101110011100101101001000
1111011010010100101110010110001110101011000101111101010111111100
0000010000110100100111010011001001000101100011010001111000101000
0101000110100010000111101001000000000010100010000001011000000000
0110000100011100100010000000001110010000101100111011010010110000
1110011110111110100111101010001110111011000000111110000010100101
1001111110111110110101011101010111011010100110101100011111100100
0101001001100000100101010000000001100111001110100011011011001101
0111010100011101001001000111000101110011110000010010000000110000
1011010101111111000110111010000010111000010101001111110100111010
0010101101000101000000100110001100011100010000100000000001001000
0010100011010001001001010100000011111111110110110000010010100111
0111000000000001011111010110001010101010111100010011010101111100
1010001000010010011110110110001010110000101110111100001011100001
1101010111011111110111110001111101110110111000010101010100110001
1011000100111001101011010011111100001000010000010110001011001101
0010010011101111000000110010000100001101000000001110010111101100
1110101010011010011110000001111110001001111110100000001000111000
1100111010101011000010011011110100011111111101010010011100010111
1110011110101101111001101101000010101101000011010101010110010010
0100011011011110010011011100001110110001101101101010100010110001
0110100110111101010010111111000111110101001110010100101100101100
0110111000110110111001100011101110100101010010100010101000100010
0111100000111110110100001010011011101100101001011010000010000011
1101001110011000110000100110100111100000000100000001011010000001
0111010010100110110100011000111101100100110011011010001010111011
1000100110101011111000000011111111101101011011000101100101010101
1110101001110011000110110110010110000101001001011000000010000000
1111101000110100100111011010111011001111111001111111110110011101
0000110000111001111010110000001011001011111100110010000101001010
0101100110101001010001001011101101110001101001100001001000000100
1110110001010100111100111011111111101111101111111011000101001110
1000100101100001001011110000001010011010100111100101111001011110
1001011011100011110100000111111100111101000111011101101001101111
0101001111101011000101000110001101011010010010101111011001001111
1101100101100001011010000001111001101000111101111000000100110010
1001100111000011000111111001010100111110000000111100101101111101
0011101110011110111001010010111000011001111010010001100110001011
0101101100000101010011001101011111111110011000011110101010010101
1111101101111100001110101110011100000100100111101111110010010011
1100010101011100001011010011101110011000000011011000011110110011
1111101000000101010001100011010001101110100101000111000101101010
1111100001011001000100011100000011011101010000111000001101111101
0111101100011011100101001100000001100100000100010100100101101111
1010100110100101000101001000000110101101001011011000000011011011
0000110100001100000110110101101011001100000011000000100111000100
0110100110111101100001100000000101101011001011111011001101001001
0010111000101000110010111011110111010111101100010101100010010110
1011000110101010001000100110001110100001001000110011011101110100
0111100010110101100001011100011000001111100110111010011101111100
1100100100000111100101111000100100011000000101111110110111101111
0010111001011010101011100010001000101111110110001110111000010011
1101101110001001011111011110000011000100111100011110101111011000
1101110100111000011010111011111000001001011000101011101100000101
1010101000101000000000001000010000111100001100011111100000011111
1101101010001111110110111110011111100010100000111111001001101111
0110001110110111111111100100111110101001101010011101011011110010
0100100110100000111110111000010100100000101100010101110100010111
0011011001101100001101010100000011010001010101001100111111111001
1101011011111111010110011111110000010001001101101000101011001100
1000110000010011000111110000000001000010010010111001011000010001
1100100110011001000101101001000001000111000100010100110011010000
1001000010010001011001000001100011011111001010110011101111000100
0001011010111010100001011001100110101111010011111001010100011011
0000101010000011101110000000011011100001010110001011011000001110
1001111001010111001001100010111111000010100010011000100100110100
0000111100100101011111011001010011111100100101010011001001010011
0111110111100101011001000000001101000000110011001110100000001110
0000001001101000001110101100001000100011001100010000010010000111
1100010011111101000010010110001101010111100010110010111111101010
0111111011001000010100000100001110001101011011100001100100000000
1100101001111000000011011011011000011011100110000100010001101110
0001101110011010011100010111100000100110001100110010010010110001
1010000000010010001000010110001011010100100011101101000100001011
1011110100101011011010111001110100101100111110111001011111011000
0111110001001110110110011110110010011100101001100101101111110111
1101110011101111000011001000001001111000110110000100010010000100
1101110110100101111000101011010110110100110100110100000000001110
1111010001111111111100111111001100110100100111101011010011110011
1001110110100001110101100110110100100100011111100111011011000111
0010000110110011101111111100000111000101101011001110111100011110
1101110101010101001000100110101100100010101000111100100110001100
1011010110010110011110010101101101111101001101111110010101110100
0001110101110001001010110000000000111000001001101001001011101110
0001111001010100010011010011011011110110100010001101000101111110
1011001101001110000000010110011100010100011101000000000100000000
0000000011100100011010110111111100111110010011111000100111110111
1111100100011111011010101111101100111011100100011011000010000101
0110000000110100000010000000001111101000101100110110100101011001
1011111111101111010000111101010000101010111110111100110111010101
0001011000010100001101010010001000001101011111101110010110101101
1010101000111001111000111100110111000000010100100101100010000010
0110111110010100110110010110111001110101000110101011111111101001
0101101001001001101111011111001010011011010111000011110000010011
