1011100100101011010000011110000100001000100010011111011101010110
1010001000010100110010001011111101011001111111010110101011000011
0111011001100101000000000011111100000000101000001110111011000001
0110011000101100100110110001100110111110001011100010101101000111
1111101011101101001101000110011101011010011000010011111011111111
0001001010011100111110111101000111111000000110011010111100100101
0010110011010000000110010111111100101101100100001010100110100001
0000010000101101010110110000011100011100000111111100000100000011
1101001111011110000001001010111011100101111011010001011010100000
1111011101111111010001000110001101000000000100101100100010101001
0111111111001010111111111100101011111111100101100010100100101110
0000100011011011100001100010000010111101001011110111111111001111
0101001111101011000101000110001101011010010010101111011001001111
1010111011100100110010001001011010101010011001101101111111010110
1110011000011011001111101100001001110110100001011101110100011001
1100011001011001100111010011100011001001101101110110110010101101
0101011101010010000100110011111010001111111100110000000110101100
0000111010101100110001101010110101001000001011010010011011011010
1101000001001001001110111110001001101011101101001010001011011111
0100011100101111101010111010000101010011100100100100001010110011
1011111011001001110111100111100100000000001100011011111100110000
0101000110100010000111101001000000000010100010000001011000000000
1000101000100110110100101011100100001110100000010000000101000000
1100011101100100111011110111000100111001100010110001110001110001
1110011110111110100111101010001110111011000000111110000010100101
0111111111111001101101111100101101000101011100000110010101001010
0001111001110100100010100000101100110010100000000110100011111111
1011100011100011011010111011010110110100010110011100010001111111
0101001001100000100101010000000001100111001110100011011011001101
1101110101010101001000100110101100100010101000111100100110001100
1001100101101000110111101010011010011001110000001000001010001010
1110110011101000000001000100111101110111101000101011010101000100
0101000001100000000100101100110110110011011101011000000110011011
1010001000010010011110110110001010110000101110111100001011100001
0110101000101001110110111100100000111010101100011101101011100111
1100101001111000000011011011011000011011100110000100010001101110
0010010011101111000000110010000100001101000000001110010111101100
1110101010011010011110000001111110001001111110100000001000111000
1101010110010011100001110101101110001010011110110101110011100001
0101101001001001101111011111001010011011010111000011110000010011
0111101101111010010100111001110000111100110110101000011101001000
0110100110111101010010111111000111110101001110010100101100101100
1011110101110100101010000000000011101100110000001000010001111000
0110111000110110111001100011101110100101010010100010101000100010
0111010010100110110100011000111101100100110011011010001010111011
1110101001110011000110110110010110000101001001011000000010000000
0101100110101001010001001011101101110001101001100001001000000100
1110110001010100111100111011111111101111101111111011000101001110
1000100101100001001011110000001010011010100111100101111001011110
0100000000000000011100010110000011001101001101111111111110111010
0000101000000111010000001110100000001110010110101101110000011101
1001100111000011000111111001010100111110000000111100101101111101
1111010111001010101010110001010111111001000111111101110110001011
1110000111011010010010101011001011110110011000010111110110111000
0010101011010000000100001101111000000001001110101111111111001001
1111100001011001000100011100000011011101010000111000001101111101
1111110110110000011100000100111011100111100010001111111001111000
1001110110001001000010001001001000001100100100110010000011110100
0010111000101000110010111011110111010111101100010101100010010110
0100000000001001110110001101011100000000000000001001000001100100
1011000110101010001000100110001110100001001000110011011101110100
0111100010110101100001011100011000001111100110111010011101111100
1100100100000111100101111000100100011000000101111110110111101111
1101101110001001011111011110000011000100111100011110101111011000
1000101010110000111111011010011110100101100110010101111111011101
1000110111101101111110000000010000011101000000111100011000111011
0011011001101100001101010100000011010001010101001100111111111001
1101011011111111010110011111110000010001001101101000101011001100
1000010000010001111111011100101101101101000110000010011101101011
1001000010010001011001000001100011011111001010110011101111000100
0001011010111010100001011001100110101111010011111001010100011011
0000101010000011101110000000011011100001010110001011011000001110
1101111111010111001100011001111000011011001010011011100101110010
1001111001010111001001100010111111000010100010011000100100110100
0000111100100101011111011001010011111100100101010011001001010011
0111110111100101011001000000001101000000110011001110100000001110
0000001001101000001110101100001000100011001100010000010010000111
1100110101110100001111100000011001100110001001110100000100010010
0010110001000101011110000000100100010000011101010001100001100010
1111111101100111010111111011011000110001101010100100000001101101
0111111011001000010100000100001110001101011011100001100100000000
1101010111011111110111110001111101110110111000010101010100110001
0001101110011010011100010111100000100110001100110010010010110001
1100111010101011000010011011110100011111111101010010011100010111
1110110101111011011101110101100001010011110100110010010001001110
1010100010000110100000111100010000100011110001000100001000101101
1101110011101111000011001000001001111000110110000100010010000100
1111001101001000010111010001011110100001010101011100101010100001
1001110110100001110101100110110100100100011111100111011011000111
0010000110110011101111111100000111000101101011001110111100011110
1011010101111111000110111010000010111000010101001111110100111010
1001101101010010111110110010101000101001100000011011111111111011
0001110101110001001010110000000000111000001001101001001011101110
0001111001010100010011010011011011110110100010001101000101111110
1010000000010010001101011000000100010000000101010010011100000101
1011101100100101010000110001001110010000001101001011010100000000
0000000011100100011010110111111100111110010011111000100111110111
0110001011001000000000001000010010100001000100010010000100100010
1111100100011111011010101111101100111011100100011011000010000101
0110000000110100000010000000001111101000101100110110100101011001
1011111111101111010000111101010000101010111110111100110111010101
1101101010001111110110111110011111100010100000111111001001101111
1010101000111001111000111100110111000000010100100101100010000010
1110011110101101111001101101000010101101000011010101010110010010
1010111010001110000000110110111101100011001000011011011111111011
