1010101000111001111000111100110111000000010100100101100010000010
1101011011111111010110011111110000010001001101101000101011001100
1111100100011111011010101111101100111011100100011011000010000101
0001111001010100010011010011011011110110100010001101000101111110
1010001000010010011110110110001010110000101110111100001011100001
1111101101111100001110101110011100000100100111101111110010010011
0110111000110110111001100011101110100101010010100010101000100010
1111010000001101111111010000001100101010001100101100010011101000
1111101000000101010001100011010001101110100101000111000101101010
0011100110001110101010000111100111011101101000110110001000000110
1110110001010100111100111011111111101111101111111011000101001110
1001111110111110110101011101010111011010100110101100011111100100
