0111010010100110110100011000111101100100110011011010001010111011
0111000000011110101010010110101000111100110001001000101001000000
0110000100011100100010000000001110010000101100111011010010110000
1011101101000111011101001011101111101101000101001101101101010010
1010100010000110100000111100010000100011110001000100001000101101
1001101000010110100110001101110001010001101001111100110010110011
0011011000110011011011000100011100110001100100000000000011010100
1010101110010011111001111110101110001101100000111100111101101111
0010110001000101011110000000100100010000011101010001100001100010
1111111111111110111100110110011011110110011110110011100111000100
0000100010101100100101010000010000001000110010000000010011111000
0110011000101000001001100100000000111100011010000111010100010001
0101000110100010000111101001000000000010100010000001011000000000
1000100110010111110011011010011001110110011110000011011000111001
