1101011011111111010110011111110000010001001101101000101011001100
0001001010011100111110111101000111111000000110011010111100100101
0110100110111101010010111111000111110101001110010100101100101100
1111101001111111110111110011110000100001110011110000001011010101
1101001111011110000001001010111011100101111011010001011010100000
0011101110011110111001010010111000011001111010010001100110001011
0101001111101011000101000110001101011010010010101111011001001111
1010111011100100110010001001011010101010011001101101111111010110
0101101001001001101111011111001010011011010111000011110000010011
1101110101010101001000100110101100100010101000111100100110001100
1011011001101011111001111101010101101001101101000010110000101111
