1010101000111001111000111100110111000000010100100101100010000010
1101011011111111010110011111110000010001001101101000101011001100
1010001000010010011110110110001010110000101110111100001011100001
0010010011101111000000110010000100001101000000001110010111101100
1110011110101101111001101101000010101101000011010101010110010010
0001100110110000011001010000110001001011000001000100000010001010
1001000010010001011001000001100011011111001010110011101111000100
0000001001101000001110101100001000100011001100010000010010000111
1101001101010010111001000001000010110110001100001101001101111100
0000111100100101011111011001010011111100100101010011001001010011
0111110001001110110110011110110010011100101001100101101111110111
1100101001111000000011011011011000011011100110000100010001101110
1011000110101010001000100110001110100001001000110011011101110100
0001110101110001001010110000000000111000001001101001001011101110
0000000011100100011010110111111100111110010011111000100111110111
0101001111101011000101000110001101011010010010101111011001001111
0011100101010100001100111010101110100001010100000111100000001111
0101100110101001010001001011101101110001101001100001001000000100
0010111001011010101011100010001000101111110110001110111000010011
0010111000101000110010111011110111010111101100010101100010010110
0001011010111010100001011001100110101111010011111001010100011011
0000101010000011101110000000011011100001010110001011011000001110
0101101100000110110101010010000001010000100000001001100110011010
0010000110110010000111000101001000011101000100011000000000001111
1100010101011100001011010011101110011000000011011000011110110011
0111111111001010111111111100101011111111100101100010100100101110
1101110101010101001000100110101100100010101000111100100110001100
0010110011010000000110010111111100101101100100001010100110100001
1000110000010011000111110000000001000010010010111001011000010001
