1111101101111100001110101110011100000100100111101111110010010011
1110101010011010011110000001111110001001111110100000001000111000
1110110001010100111100111011111111101111101111111011000101001110
1100110001011110011100110010111000000110111100010101011101110011
1100001011110011001101111110111000010011101100011001100110011100
0011011000001111010111111101010001000100110000000000001010101101
0110101000001110111011000010010111000111011101001010101100101000
0101110111100011110010000111110111111010111111110101011111010111
0110000101111010010011000111110010000001100001000100110011000010
1001111000110101000001011000100001111010110110111100100111110101
1001001101001010101101100100111110101100010010110101110010110000
0111011001100101000000000011111100000000101000001110111011000001
0101010000100100111111101110011010111100000001000111110011011101
0000110000000000110101001101010110101101101110011101010100011100
0010000100000010000000011101001011110100001101110111011001101010
