0110111000110110111001100011101110100101010010100010101000100010
0110000100011100100010000000001110010000101100111011010010110000
1110100000101011011011010101111100011011100111110100001110111101
0111011001001000000011111001011111111110110101011101110111111010
1100100100000111100101111000100100011000000101111110110111101111
1001000001110110111100100101000001001000100110111101011110011111
1010101101000000110000100101000001101011000011100100010011000000
1011011111110111110010011000010111110101100001011101111011101100
1111110110110000011100000100111011100111100010001111111001111000
0011000010010100010100101111101111011010111111011000001100110111
0110111101000111100011101010101001001010110111001100000101011111
0001010101010000110000101001010010000011101010111000100001101000
1011111011001001110111100111100100000000001100011011111100110000
0101000010100000001000101110011110000101001010000101110110001001
