1010101000111001111000111100110111000000010100100101100010000010
1101011011111111010110011111110000010001001101101000101011001100
1010001000010010011110110110001010110000101110111100001011100001
1111101101111100001110101110011100000100100111101111110010010011
1110101010011010011110000001111110001001111110100000001000111000
0110111000110110111001100011101110100101010010100010101000100010
1111010000001101111111010000001100101010001100101100010011101000
1101110100111000011010111011111000001001011000101011101100000101
1101010110010011100001110101101110001010011110110101110011100001
0111010010100110110100011000111101100100110011011010001010111011
0001001010011100111110111101000111111000000110011010111100100101
0000111010101100110001101010110101001000001011010010011011011010
1100010000001111110101110001010111100101100000011100010101011011
1110001001110110000010011101010110000010011001011000011010100001
0110100110111101010010111111000111110101001110010100101100101100
0101001010011000001001000111111100001101100011110100011000010110
1011111101100001111111100111110111001000111001101001011110100011
0100100001010111111100000000010010100010001001111110100000001101
1000010000000011001000100100110110011000100110010000111110111000
1001000010010001011001000001100011011111001010110011101111000100
0001001010010001000101100100010100111010111001101101011001011010
0000001001101000001110101100001000100011001100010000010010000111
1000000101110111001011010000000010011111010000111111001011000011
0011011100001011011000110001111100010111100111100101001110000001
1011001111101100011010110111100001101111101001001010000010100110
1101001111011110000001001010111011100101111011010001011010100000
1111110101111111101100101111011000000010000110000100011110101110
0110000110001100111001111110110100010110100110001101011111000010
0001101111111010101111110111100011001001101110111111000101000010
0001100101000111000111110000110101110110111010000001100101100000
1000001000000000011101000110010001110001110010100000101110010110
1010111111001101100111111100111101110010001101000010000010101011
0001100001101111010100000011000111001001011100001111001010110000
0110000111001011011000100101101011111101001010110010000111101111
0000000011100100011010110111111100111110010011111000100111110111
0100101000001001011001101101011010100011110101101110010010101000
0101001111101011000101000110001101011010010010101111011001001111
0000000111111000101001001010000100010001000100101011111100100010
1010111011100100110010001001011010101010011001101101111111010110
0011101011001010111110101001001111101000100101011000011010100110
0101101001001001101111011111001010011011010111000011110000010011
0101110100000011010000100101111010101010000010011010110000101010
1010111111011111110101110011011011100110000100001101010110011000
0101111011101100010001111000001110011101111010100101111101100110
0100010011111111101000101101101111110110011000100100110101011100
1110101110100001001111010011111101100011110111101011011111111100
0001000101011000000000011010000001001010010110000100011010010111
0100000001111000010001000011111100000111001000111110011110100101
1101110110000110010011101011001110001111101100010111101101001111
1100001101100011111110010000000011001110100111110111001111001111
1010101001100011101111001111011100101111011011101001111010101000
1001000111100111001001001011100101001000011101010011000101001001
0000101010000011101110000000011011100001010110001011011000001110
