1010101000111001111000111100110111000000010100100101100010000010
1010001000010010011110110110001010110000101110111100001011100001
0111101101111010010100111001110000111100110110101000011101001000
1100000001111001111110101101111111000011000000011011010010010110
0110100110111101010010111111000111110101001110010100101100101100
1111001111111001101100101100111111101111101010111111110101000001
1010000111111101110010011011110001101111010101000001000010111101
0011100100000100110100110101111100110110000000010000000101011001
1001001011001100101001111010101100101111010010000100100110000111
0111001110010110011101111110011101100001011110111010111110111110
0110000101111010010011000111110010000001100001000100110011000010
0111111101010111001011110101100110011111010110001100100011111110
0000000000110000110101011100011110000000001100000111010000010000
1100011001110100101101111010000111011110110001100011100010100100
0111011111110111011111110111101010111111100011100011010101101010
1111110011110000100101101101111111111010010011010000011011000101
