0111111101010100111111111111001011001101111101001111111110100101
1100010101011100001011010011101110011000000011011000011110110011
1100110010010110110100001111111100011100010110110001001100011010
0111110111010110101111000111111101000000001010101010101010010001
1100110100011101011111100100001101000100100011110101010010000100
0101110000110100100100100011010111010001001011011101000000010001
1111101000000101010001100011010001101110100101000111000101101010
1111100100011111011010101111101100111011100100011011000010000101
0101110110101100100111100001000000010010111111011010001011111001
0101111111000111110000101110110111101110010001110001001011001000
1000101001000101000111010001100110100101011001000010000010000000
1101010111011111110111110001111101110110111000010101010100110001
1110000111000101111011100100001011101001010110101101001011010110
0110001001110001001010111101000111110101110000001110001000100011
0010110011010000000110010111111100101101100100001010100110100001
1100101001111000000011011011011000011011100110000100010001101110
1110010110011100011110101011101010000101100010001000110000010100
0000110100001100000110110101101011001100000011000000100111000100
1000000001100011101101011110000100010111110100101010110101011111
1110101010011010011110000001111110001001111110100000001000111000
1101110111101000110110111000001011101100100110100111011101101111
0010111000101000110010111011110111010111101100010101100010010110
1000100101110001011000100100110010111110111001111100001100000011
1000100101100001001011110000001010011010100111100101111001011110
1010101110010011111001111110101110001101100000111100111101101111
0000100001110011101000100100000001110111111010010110010011000001
1000001000000000011101000110010001110001110010100000101110010110
1001101111101111000101001000001010110110001001001000001111011010
0011001011101100010001110011101101000001011010101001100010100011
1010010110101000010111100001011110101100010010110111001001000111
1101110100011100110000110001010110000011111010100011110010110010
0100000000001001110110001101011100000000000000001001000001100100
1011000110101010001000100110001110100001001000110011011101110100
0011100110001110101010000111100111011101101000110110001000000110
0111000000011110101010010110101000111100110001001000101001000000
0011101111011101010111100000000010010100000101101111000111100001
1111100010111010010100010110011111101011000010011011001110010111
1001111110111110110101011101010111011010100110101100011111100100
0010100110000010100011001110100010110100011010101011000000001111
1101110101010101001000100110101100100010101000111100100110001100
1001111100110100111100101000110010111110000100100111110010111110
1010111111111001100111001101101101110000101011011000011001011111
1000100110010111110011011010011001110110011110000011011000111001
0101101100000110110101010010000001010000100000001001100110011010
0000111010101100110001101010110101001000001011010010011011011010
0010001110100011010011111000110101010011000000010010001011100100
0110110000111011000111111011001100100100000111100001110010101001
0001110101110001001010110000000000111000001001101001001011101110
1111111111111110111100110110011011110110011110110011100111000100
0111001011100100110110000011011111110011101011110110000100111111
0100011100101111101010111010000101010011100100100100001010110011
0001111001010100010011010011011011110110100010001101000101111110
0000100101110100100000100011001001101010011101100001011100000010
1111010100101100001010010101010111100111111010111000100111010101
1010000000010010001101011000000100010000000101010010011100000101
0001010110100010010011110100111110001110101001100111101000110101
1101110011000111001010010010100010000111101010010001101100001101
0110100111001011100001101000001010111111100001001111111010110111
1011011001101011111001111101010101101001101101000010110000101111
1101001101010010111001000001000010110110001100001101001101111100
0101100110101001010001001011101101110001101001100001001000000100
1010010100100001110011100001000011111101111011111010101101111011
0101011110000101001010011111100001011010100011010010110110011101
1110110001010100111100111011111111101111101111111011000101001110
1101011011111111010110011111110000010001001101101000101011001100
0111101101111010010100111001110000111100110110101000011101001000
1011111111101111010000111101010000101010111110111100110111010101
0110110110000100101101100011100111110010001011101010100000001111
1010110101001000010011111000001011000001011110111010110100011010
1010101000111001111000111100110111000000010100100101100010000010
1011101101000111011101001011101111101101000101001101101101010010
0011110010101001101001010110111000010000110100011011111011001011
0010010000001001001100101100000111001100110100110000011110100111
1000110111101101111110000000010000011101000000111100011000111011
1101000110111010110100010100010011101110000001011010101101111001
0110100010001110011001000001101001100100100001100111011001100001
1100100100000111100101111000100100011000000101111110110111101111
1011111101100001111111100111110111001000111001101001011110100011
1001101111110111110110000110100001010111111001110000110000110110
0000001001101000001110101100001000100011001100010000010010000111
0111011011011000101001010110000010110111111110001111000111111111
