0111111101010100111111111111001011001101111101001111111110100101
1100110101110100001111100000011001100110001001110100000100010010
1010000111111101110010011011110001101111010101000001000010111101
1111101000000101010001100011010001101110100101000111000101101010
1000001000000000011101000110010001110001110010100000101110010110
0101110110101100100111100001000000010010111111011010001011111001
1010001000010010011110110110001010110000101110111100001011100001
1001000010010001011001000001100011011111001010110011101111000100
1000001000111010001111110101011011101001000000000100000010010000
1111101001111111110111110011110000100001110011110000001011010101
0101011000101111000101001110000010110001001101111011011101101101
0010110011010000000110010111111100101101100100001010100110100001
1100101001111000000011011011011000011011100110000100010001101110
0100011100101111101010111010000101010011100100100100001010110011
1000000001100011101101011110000100010111110100101010110101011111
1110101010011010011110000001111110001001111110100000001000111000
1101110111101000110110111000001011101100100110100111011101101111
0111111101010111001011110101100110011111010110001100100011111110
0000100011011011100001100010000010111101001011110111111111001111
0110000101111010010011000111110010000001100001000100110011000010
1001101111110111110110000110100001010111111001110000110000110110
1100110010010110110100001111111100011100010110110001001100011010
1111011111111100001001010111101110101011110000100010110000001011
1001101111101111000101001000001010110110001001001000001111011010
1111001111111001101100101100111111101111101010111111110101000001
0100000000001001110110001101011100000000000000001001000001100100
0111001110010110011101111110011101100001011110111010111110111110
0011101111011101010111100000000010010100000101101111000111100001
1011011001101011111001111101010101101001101101000010110000101111
1001111110111110110101011101010111011010100110101100011111100100
1100011001110100101101111010000111011110110001100011100010100100
1111111111111110111100110110011011110110011110110011100111000100
1010111111111001100111001101101101110000101011011000011001011111
1000100110010111110011011010011001110110011110000011011000111001
0111111111111001101101111100101101000101011100000110010101001010
0000011001000001001101100010110111011011100000111000011000011001
0111001011100100110110000011011111110011101011110110000100111111
1001000100100110111111111110010001001000100111110011000001010111
0001111001010100010011010011011011110110100010001101000101111110
1111110101111111101100101111011000000010000110000100011110101110
0010111000101000110010111011110111010111101100010101100010010110
0110101000101001110110111100100000111010101100011101101011100111
1011111101100001111111100111110111001000111001101001011110100011
0110111111101100110111111011101110000010000001001011000101010010
1000110111101101111110000000010000011101000000111100011000111011
1111100100011111011010101111101100111011100100011011000010000101
1101011011111111010110011111110000010001001101101000101011001100
0011011010110110101011001110101000100001100010110010100101100001
1000100101100001001011110000001010011010100111100101111001011110
1010101000111001111000111100110111000000010100100101100010000010
0100101111010011011011001100111100000111001001010111001100111001
1111111101100111010111111011011000110001101010100100000001101101
0001100110110000011001010000110001001011000001000100000010001010
1101110100000100100100011001101010100010111110111000011110101010
1100100100000111100101111000100100011000000101111110110111101111
0011100110001110101010000111100111011101101000110110001000000110
0011100100000100110100110101111100110110000000010000000101011001
0111011011011000101001010110000010110111111110001111000111111111
