0111111101010100111111111111001011001101111101001111111110100101
1010000111111101110010011011110001101111010101000001000010111101
0010110001000101011110000000100100010000011101010001100001100010
1111101000000101010001100011010001101110100101000111000101101010
0110111111101100110111111011101110000010000001001011000101010010
0010000111111101010101110010010111001101101101010001100010001000
0111101100011011100101001100000001100100000100010100100101101111
1010001000010010011110110110001010110000101110111100001011100001
0101000110100010000111101001000000000010100010000001011000000000
1000001000111010001111110101011011101001000000000100000010010000
1010100010000110100000111100010000100011110001000100001000101101
0111110111100101011001000000001101000000110011001110100000001110
0010110011010000000110010111111100101101100100001010100110100001
1100101001111000000011011011011000011011100110000100010001101110
0010010011101111000000110010000100001101000000001110010111101100
1000000001100011101101011110000100010111110100101010110101011111
1110101010011010011110000001111110001001111110100000001000111000
0111111101010111001011110101100110011111010110001100100011111110
0001100110110000011001010000110001001011000001000100000010001010
1111010000001101111111010000001100101010001100101100010011101000
0011110100101110000001100010110101010011001101101001011100010110
1001101111110111110110000110100001010111111001110000110000110110
1100110010010110110100001111111100011100010110110001001100011010
1111011111111100001001010111101110101011110000100010110000001011
1001101111101111000101001000001010110110001001001000001111011010
1010000111100001001000111111100000011101010001111010111111111100
0100000000001001110110001101011100000000000000001001000001100100
0011100110001110101010000111100111011101101000110110001000000110
0111000000011110101010010110101000111100110001001000101001000000
0011101111011101010111100000000010010100000101101111000111100001
0110111000110110111001100011101110100101010010100010101000100010
1101011011010111101000101011101001010001000001001000000111101100
1111010000110110110110011000000000100110010101000011000111010000
1001111110111110110101011101010111011010100110101100011111100100
1110000001101011010011101000001010000010100001110001110110110010
1100110001011110011100110010111000000110111100010101011101110011
1110001110000001100101100110000101011011001110001011111001100001
1010111111111001100111001101101101110000101011011000011001011111
1101110100011100110000110001010110000011111010100011110010110010
0000011001000001001101100010110111011011100000111000011000011001
1101110100111000011010111011111000001001011000101011101100000101
0001111001010100010011010011011011110110100010001101000101111110
1111110101111111101100101111011000000010000110000100011110101110
0001010110100010010011110100111110001110101001100111101000110101
0010111000101000110010111011110111010111101100010101100010010110
1011111101100001111111100111110111001000111001101001011110100011
1110110001010100111100111011111111101111101111111011000101001110
0000000111001111100101110001011010010010100011111000011011111100
1111100100011111011010101111101100111011100100011011000010000101
1101011011111111010110011111110000010001001101101000101011001100
0111101101111010010100111001110000111100110110101000011101001000
0011101111000000011011100000100100001011010110100011111100000001
0000100011011011100001100010000010111101001011110111111111001111
1010101000111001111000111100110111000000010100100101100010000010
0110000100011100100010000000001110010000101100111011010010110000
1101010110010011100001110101101110001010011110110101110011100001
0011110010101001101001010110111000010000110100011011111011001011
1101110100000100100100011001101010100010111110111000011110101010
0111101001001111001111010010111111101000101101001110000111110111
1111101101111100001110101110011100000100100111101111110010010011
1001001011101110100100100001011000111101110100001000110011010100
0111011011011000101001010110000010110111111110001111000111111111
