1010101000111001111000111100110111000000010100100101100010000010
1101011011111111010110011111110000010001001101101000101011001100
1111100100011111011010101111101100111011100100011011000010000101
0001111001010100010011010011011011110110100010001101000101111110
1010001000010010011110110110001010110000101110111100001011100001
1111101101111100001110101110011100000100100111101111110010010011
1110101010011010011110000001111110001001111110100000001000111000
0110111000110110111001100011101110100101010010100010101000100010
1111010000001101111111010000001100101010001100101100010011101000
1110110001010100111100111011111111101111101111111011000101001110
1001111110111110110101011101010111011010100110101100011111100100
1100110001011110011100110010111000000110111100010101011101110011
1011110100101011011010111001110100101100111110111001011111011000
0011011010110110101011001110101000100001100010110010100101100001
0111110111100101011001000000001101000000110011001110100000001110
