1010101000111001111000111100110111000000010100100101100010000010
1101011011111111010110011111110000010001001101101000101011001100
1111100100011111011010101111101100111011100100011011000010000101
1111101101111100001110101110011100000100100111101111110010010011
1111101000000101010001100011010001101110100101000111000101101010
0011100110001110101010000111100111011101101000110110001000000110
0011011010110110101011001110101000100001100010110010100101100001
1010001000010010011110110110001010110000101110111100001011100001
0001111001010100010011010011011011110110100010001101000101111110
1111010000001101111111010000001100101010001100101100010011101000
0010010011101111000000110010000100001101000000001110010111101100
0111111011001000010100000100001110001101011011100001100100000000
0110000100011100100010000000001110010000101100111011010010110000
0101001110001111000110100010010111100100000001000011010001110001
0111110111100101011001000000001101000000110011001110100000001110
0010000110110011101111111100000111000101101011001110111100011110
0110111000110110111001100011101110100101010010100010101000100010
0111010010100110110100011000111101100100110011011010001010111011
0011110010101001101001010110111000010000110100011011111011001011
1111010000110110110110011000000000100110010101000011000111010000
0111101100011011100101001100000001100100000100010100100101101111
0100111101000111101110000101111111111001100101101011110100010001
0111000000011110101010010110101000111100110001001000101001000000
1110000001101011010011101000001010000010100001110001110110110010
0011011001101100001101010100000011010001010101001100111111111001
0100100001010111111100000000010010100010001001111110100000001101
0000100001110011101000100100000001110111111010010110010011000001
1100110001011110011100110010111000000110111100010101011101110011
1110001110000001100101100110000101011011001110001011111001100001
1110101010011010011110000001111110001001111110100000001000111000
