0100111101000111101110000101111111111001100101101011110100010001
1010101100110110001010100101100101111100001100101010101001101010
0011101110011110111001010010111000011001111010010001100110001011
0001110101110001001010110000000000111000001001101001001011101110
0101001111101011000101000110001101011010010010101111011001001111
1010111011100100110010001001011010101010011001101101111111010110
0001110101101100100110011001100000010101000011101011110111110111
1110011001011110011110100101111011100010110101100001101001100101
0010100010000001000001110110010010011100110110110111001101110111
1101110000101011111101111110100001001111001000001110010111111101
1101110101010101001000100110101100100010101000111100100110001100
