1010101000111001111000111100110111000000010100100101100010000010
1101011011111111010110011111110000010001001101101000101011001100
0011011010110110101011001110101000100001100010110010100101100001
1011110111011110000000100010101111000001001000111010111001101110
1100100010100111011000110110001001100001010010000110001001101100
1000101011011011010001001011111010011100001110011000001100011100
0111001000101010001000010100010000010101111110101110111011001011
1000011111101111111110000010000011001000110011110110010111101011
0101000110101110110011000000001011001010010000010101010110001111
1111000110100111010110011111101001100011101001001110111001011001
1011111101000010001110000010000001101111011111000101111001111111
1001100000110101110110100101111011111000110010000001100100010101
1101101111100111100110001110000101110111001100001000011110101011
0010001100001011000100100011110101001010111010000101010110000010
1001100110011011101110010101111001010101101001000010010101000000
0110011100010111100011011011011101100100111001111011000000110100
