1010001000010100110010001011111101011001111111010110101011000011
0110000100011100100010000000001110010000101100111011010010110000
0110011000101100100110110001100110111110001011100010101101000111
0001001010011100111110111101000111111000000110011010111100100101
0010110011010000000110010111111100101101100100001010100110100001
1000011111101010110111000010101001100100111101010011100011001000
1101001111011110000001001010111011100101111011010001011010100000
0111111111001010111111111100101011111111100101100010100100101110
0000100011011011100001100010000010111101001011110111111111001111
0101001111101011000101000110001101011010010010101111011001001111
0110100110111101010010111111000111110101001110010100101100101100
0000000100110101011111111110001011111011101010111101011110110111
0011000101010100011000101100011110110100101101111001111100101111
1010111100110100101000110101100000100010100110001000110001000001
0001011100010000001011010100100010011010110100000110100110001011
1101011101100010000011100000000100000101111110001101111011110101
1110110101111011011101110101100001010011110100110010010001001110
0100011100101111101010111010000101010011100100100100001010110011
1111010001111111111100111111001100110100100111101011010011110011
0100111011000010101010000000111000100110011100000000100100110001
1101001101010010111001000001000010110110001100001101001101111100
1111001101000100010111011110011001111111011000010111100101011111
1000010001100111010001011001101110010100010110001010000110101111
0000010000110100100111010011001001000101100011010001111000101000
1100000000100011001011110110111101010000101001101010000111011101
0101000100100001000010101000011011111111011110000000000001000100
0100010000001111000001101111111111000111100010100101111101001111
0101001001100000100101010000000001100111001110100011011011001101
1101010100111010110000010100001011111000011011101111100011011001
1101110101010101001000100110101100100010101000111100100110001100
1100000001111001111110101101111111000011000000011011010010010110
1010001000010010011110110110001010110000101110111100001011100001
1010110100010000010000110111001011001010111111011110010001001100
1011001110000010011111101111001110011011111001000000001010010000
1100101001111000000011011011011000011011100110000100010001101110
0011110010111001100010100101001100011000001011100110111001010101
0010010011101111000000110010000100001101000000001110010111101100
0011001101010101001011111010010011101110111110110111111100001111
1110101010011010011110000001111110001001111110100000001000111000
1110011110101101111001101101000010101101000011010101010110010010
0100011011011110010011011100001110110001101101101010100010110001
1010111011100100110010001001011010101010011001101101111111010110
0011100110001110101010000111100111011101101000110110001000000110
0111000000011110101010010110101000111100110001001000101001000000
1100001011101101100111100000001100000111111010000010101100011110
1100011011011000011110011001111010001000010111001111001111000000
0001110000111100100010010000010101000101110100010001010001011001
0100110000010111110001100000000110100000101001101101110100000111
0000110000111001111010110000001011001011111100110010000101001010
0101100110101001010001001011101101110001101001100001001000000100
1110110001010100111100111011111111101111101111111011000101001110
0101101100000110110101010010000001010000100000001001100110011010
0011011010110110101011001110101000100001100010110010100101100001
1000100101100001001011110000001010011010100111100101111001011110
0001100110110000011001010000110001001011000001000100000010001010
1001100111000011000111111001010100111110000000111100101101111101
0011101110011110111001010010111000011001111010010001100110001011
0101101100000101010011001101011111111110011000011110101010010101
1111101101111100001110101110011100000100100111101111110010010011
1100010101011100001011010011101110011000000011011000011110110011
1111101000000101010001100011010001101110100101000111000101101010
0111101100011011100101001100000001100100000100010100100101101111
0011100101010100001100111010101110100001010100000111100000001111
1011010110010010100101110111001011010011001100110011011110110101
0010111000101000110010111011110111010111101100010101100010010110
0001010101101100111100011100001011110001101010101000100100111110
0100100100101110000101010101100101111101110000111101011110010110
0010000110110010000111000101001000011101000100011000000000001111
0100010111000100010011100000001100111000111000011010111101110001
1101100110011110000111110111111111101010010001001001100000011110
0111100010110101100001011100011000001111100110111010011101111100
1100100100000111100101111000100100011000000101111110110111101111
0010111001011010101011100010001000101111110110001110111000010011
0100010001001010110110011110000010011010111011000100100000011101
1101110100111000011010111011111000001001011000101011101100000101
0010110101001110010101010100000110001111010110000011010111011001
1000110111101101111110000000010000011101000000111100011000111011
0011011001101100001101010100000011010001010101001100111111111001
1000110000010011000111110000000001000010010010111001011000010001
1100100110011001000101101001000001000111000100010100110011010000
1001000010010001011001000001100011011111001010110011101111000100
0001011010111010100001011001100110101111010011111001010100011011
0000101010000011101110000000011011100001010110001011011000001110
1011111111101111010000111101010000101010111110111100110111010101
0100000010100000100111010000010000000010010010100000100111011000
0000111100100101011111011001010011111100100101010011001001010011
1011111101100001111111100111110111001000111001101001011110100011
0000001001101000001110101100001000100011001100010000010010000111
1010101000111001111000111100110111000000010100100101100010000010
0111101010100101001101001100000100000001010010101001101000100101
1101001111011010011000001100001110101001000101010001101000011111
0001101110011010011100010111100000100110001100110010010010110001
0001101011001110001011001110100000100110111110010011000111111110
0111110001001110110110011110110010011100101001100101101111110111
0011110010101001101001010110111000010000110100011011111011001011
0110000111110111110011100010000101110000001111010001001000001011
0010000110110011101111111100000111000101101011001110111100011110
1011010101111111000110111010000010111000010101001111110100111010
0111111110110101101110011110000011111000110011011111111001101110
1011010110010110011110010101101101111101001101111110010101110100
0001110101110001001010110000000000111000001001101001001011101110
1001110011111100110000011001011011010011110011110010100110011011
0001111001010100010011010011011011110110100010001101000101111110
0000000011100100011010110111111100111110010011111000100111110111
1101011011111111010110011111110000010001001101101000101011001100
0110000000110100000010000000001111101000101100110110100101011001
1011000110101010001000100110001110100001001000110011011101110100
1101101010001111110110111110011111100010100000111111001001101111
0000000001011111110000000010000011010001010011010010010100011111
1110001011100001010001110110001011101000010110001000101000101010
0101101001001001101111011111001010011011010111000011110000010011
