1011010101111111000110111010000010111000010101001111110100111010
1010001000010100110010001011111101011001111111010110101011000011
1010000111111101110010011011110001101111010101000001000010111101
1111101000000101010001100011010001101110100101000111000101101010
1100000001111001111110101101111111000011000000011011010010010110
1010001000010010011110110110001010110000101110111100001011100001
0111011111110111011111110111101010111111100011100011010101101010
1000001000111010001111110101011011101001000000000100000010010000
1111110110110000011100000100111011100111100010001111111001111000
0010110011010000000110010111111100101101100100001010100110100001
1100101001111000000011011011011000011011100110000100010001101110
0110111101000111100011101010101001001010110111001100000101011111
1111001111111001101100101100111111101111101010111111110101000001
0011001101010101001011111010010011101110111110110111111100001111
1110101010011010011110000001111110001001111110100000001000111000
0111111101010111001011110101100110011111010110001100100011111110
0001010101010000110000101001010010000011101010111000100001101000
0000100011011011100001100010000010111101001011110111111111001111
0110000101111010010011000111110010000001100001000100110011000010
0111101101111010010100111001110000111100110110101000011101001000
0110111111101100110111111011101110000010000001001011000101010010
1101110100000100100100011001101010100010111110111000011110101010
0110100110111101010010111111000111110101001110010100101100101100
0011100110001110101010000111100111011101101000110110001000000110
1100011001110100101101111010000111011110110001100011100010100100
1111111111111110111100110110011011110110011110110011100111000100
0011000010010100010100101111101111011010111111011000001100110111
1001101000010110100110001101110001010001101001111100110010110011
1001001011001100101001111010101100101111010010000100100110000111
0111011001001000000011111001011111111110110101011101110111111010
0000011001000001001101100010110111011011100000111000011000011001
0000000000110000110101011100011110000000001100000111010000010000
0001111001010100010011010011011011110110100010001101000101111110
1111110101111111101100101111011000000010000110000100011110101110
1111110011110000100101101101111111111010010011010000011011000101
0010111000101000110010111011110111010111101100010101100010010110
1011111011001001110111100111100100000000001100011011111100110000
0111001110010110011101111110011101100001011110111010111110111110
0000000011100100011010110111111100111110010011111000100111110111
0100100110100000111110111000010100100000101100010101110100010111
1111100100011111011010101111101100111011100100011011000010000101
1101011011111111010110011111110000010001001101101000101011001100
0011100100000100110100110101111100110110000000010000000101011001
1010101000111001111000111100110111000000010100100101100010000010
0110111110010100110110010110111001110101000110101011111111101001
1001000010010001011001000001100011011111001010110011101111000100
0000101010000011101110000000011011100001010110001011011000001110
1010101110010011111001111110101110001101100000111100111101101111
0101001001100000100101010000000001100111001110100011011011001101
