1101011011111111010110011111110000010001001101101000101011001100
1111100100011111011010101111101100111011100100011011000010000101
1010001000010010011110110110001010110000101110111100001011100001
1111101000000101010001100011010001101110100101000111000101101010
0011100110001110101010000111100111011101101000110110001000000110
1110110001010100111100111011111111101111101111111011000101001110
0111000000011110101010010110101000111100110001001000101001000000
0011110010101001101001010110111000010000110100011011111011001011
0001100110110000011001010000110001001011000001000100000010001010
1010101000111001111000111100110111000000010100100101100010000010
0001111001010100010011010011011011110110100010001101000101111110
1110101010011010011110000001111110001001111110100000001000111000
0110111000110110111001100011101110100101010010100010101000100010
1101110100111000011010111011111000001001011000101011101100000101
