1110110111111110011110000101000100010010000000011101000111000100
0100010000000010001010111111101101000101111011101001000010010111
0000111010011010001100010111000000000101111011000101010111010101
1010111011100100110010001001011010101010011001101101111111010110
1010101100110110001010100101100101111100001100101010101001101010
1001001010011011000001010010011111110100110110011010010100110011
0011111101011000101000111110110110011011010011101011011111011110
1101010110010011100001110101101110001010011110110101110011100001
0110001011001000000000001000010010100001000100010010000100100010
1000101000100110110100101011100100001110100000010000000101000000
0001111100001010111010100110000101010111101110000101011000011111
0011011001101100001101010100000011010001010101001100111111111001
1010001011101110011110000000000111101111111001110000100101111001
1010110011110011101110110110001001001011100101001110011101011000
1001111110111110110101011101010111011010100110101100011111100100
1000000000000000000000000000000001111111111111111111111111111111
