1110110111111110011110000101000100010010000000011101000111000100 0000
0100010000000010001010111111101101000101111011101001000010010111 0000
0000111010011010001100010111000000000101111011000101010111010101 0000
1010111011100100110010001001011010101010011001101101111111010110 0000
1010101100110110001010100101100101111100001100101010101001101010 0000
1001001010011011000001010010011111110100110110011010010100110011 0000
0011111101011000101000111110110110011011010011101011011111011110 0000
1101010110010011100001110101101110001010011110110101110011100001 0000
0110001011001000000000001000010010100001000100010010000100100010 0000
1000101000100110110100101011100100001110100000010000000101000000 0000
0001111100001010111010100110000101010111101110000101011000011111 0000
0011011001101100001101010100000011010001010101001100111111111001 0000
1010001011101110011110000000000111101111111001110000100101111001 0000
1010110011110011101110110110001001001011100101001110011101011000 0000
1001111110111110110101011101010111011010100110101100011111100100 0000

1110110111111110011110000101000100010010000000011101000111000100 0001
0100010000000010001010111111101101000101111011101001000010010111 0001
0000111010011010001100010111000000000101111011000101010111010101 0001
1010111011100100110010001001011010101010011001101101111111010110 0001
1010101100110110001010100101100101111100001100101010101001101010 0001
1001001010011011000001010010011111110100110110011010010100110011 0001
0011111101011000101000111110110110011011010011101011011111011110 0001
1101010110010011100001110101101110001010011110110101110011100001 0001
0110001011001000000000001000010010100001000100010010000100100010 0001
1000101000100110110100101011100100001110100000010000000101000000 0001
0001111100001010111010100110000101010111101110000101011000011111 0001
0011011001101100001101010100000011010001010101001100111111111001 0001
1010001011101110011110000000000111101111111001110000100101111001 0001
1010110011110011101110110110001001001011100101001110011101011000 0001
1001111110111110110101011101010111011010100110101100011111100100 0001

0000000011100100011010110111111100111110010011111000100111110111 0010
0000101010000011101110000000011011100001010110001011011000001110 0010
1001000010010001011001000001100011011111001010110011101111000100 0010
0101111011101100010001111000001110011101111010100101111101100110 0010
1110000100110111111001000011111111010100010101110000100110101110 0010
0011001101101000111111001000011011010111000011011100010110000011 0010
1111101000000101010001100011010001101110100101000111000101101010 0010
0111101100011011100101001100000001100100000100010100100101101111 0010
0011000001011100011011000101001110101110110000101010010001001011 0010
0010010100001000011100101011100000000000111011100110100011010110 0010
1110101010011010011110000001111110001001111110100000001000111000 0010
1111111100011011001100010110000101111001111001111101111000111001 0010
0000100011011011100001100010000010111101001011110111111111001111 0010

0000000011100100011010110111111100111110010011111000100111110111 0011
0000101010000011101110000000011011100001010110001011011000001110 0011
1001000010010001011001000001100011011111001010110011101111000100 0011
0101111011101100010001111000001110011101111010100101111101100110 0011
1110000100110111111001000011111111010100010101110000100110101110 0011
0011001101101000111111001000011011010111000011011100010110000011 0011
1111101000000101010001100011010001101110100101000111000101101010 0011
0111101100011011100101001100000001100100000100010100100101101111 0011
0011000001011100011011000101001110101110110000101010010001001011 0011
0010010100001000011100101011100000000000111011100110100011010110 0011
1110101010011010011110000001111110001001111110100000001000111000 0011
1111111100011011001100010110000101111001111001111101111000111001 0011
0000100011011011100001100010000010111101001011110111111111001111 0011

1000001000000000011101000110010001110001110010100000101110010110 0100
0001001010010001000101100100010100111010111001101101011001011010 0100
0101110100000011010000100101111010101010000010011010110000101010 0100
1010101000111001111000111100110111000000010100100101100010000010 0100
1101110110101101111000001001110000011100111010001110010100101101 0100
0111000000011110101010010110101000111100110001001000101001000000 0100
1111101101111100001110101110011100000100100111101111110010010011 0100
1011111101000010001110000010000001101111011111000101111001111111 0100
1110001110000001100101100110000101011011001110001011111001100001 0100
0000100011011011100001100010000010111101001011110111111111001111 0100
0001111001010100010011010011011011110110100010001101000101111110 0100
1010001000010010011110110110001010110000101110111100001011100001 0100

0101001111101011000101000110001101011010010010101111011001001111 0101
1010111011100100110010001001011010101010011001101101111111010110 0101
0110100110111101010010111111000111110101001110010100101100101100 0101
0101101001001001101111011111001010011011010111000011110000010011 0101
1101001111011110000001001010111011100101111011010001011010100000 0101
0001001010011100111110111101000111111000000110011010111100100101 0101
0110000000110100000010000000001111101000101100110110100101011001 0101
0001101110011010011100010111100000100110001100110010010010110001 0101
1110101010011010011110000001111110001001111110100000001000111000 0101
0001111001010100010011010011011011110110100010001101000101111110 0101
0011110010111001100010100101001100011000001011100110111001010101 0101
0011110010101001101001010110111000010000110100011011111011001011 0101
0010111001011010101011100010001000101111110110001110111000010011 0101
0101010001011001011100001100001001110011011111101000001100011010 0101
1101011101100010000011100000000100000101111110001101111011110101 0101
1100110001011110011100110010111000000110111100010101011101110011 0101
1100010000000110111000101010011111101100101010101010000110001100 0101
1010100110100101000101001000000110101101001011011000000011011011 0101
0001111110110111111100110010001011011010111100100111110100001010 0101
1010101000111001111000111100110111000000010100100101100010000010 0101

1011111111101111010000111101010000101010111110111100110111010101 0110
1100000011100010111001111010000111111011100010111111111100110101 0110
1010101111111010000101000011110101001001011110010010011001111000 0110
0001111001010100010011010011011011110110100010001101000101111110 0110
0111101101111010010100111001110000111100110110101000011101001000 0110
1111101101111100001110101110011100000100100111101111110010010011 0110
1001010100101010011010000000101111010000000111100010001011100000 0110
1111101000000101010001100011010001101110100101000111000101101010 0110
1011010100100011100110100010101111001100000000110010000110001010 0110
1010100110011110111000110100010011100111101111001110111101100101 0110
1010001000010010011110110110001010110000101110111100001011100001 0110
1001101110101101100001100100000011011110011101000100111010101011 0110
1111010000001101111111010000001100101010001100101100010011101000 0110

1000001000000000011101000110010001110001110010100000101110010110 0111
0001001010010001000101100100010100111010111001101101011001011010 0111
0001111001010100010011010011011011110110100010001101000101111110 0111
0110111011111010100101000000101110001111010111010001001110101000 0111
1110011010101110101011000101101111101101001111101010110100000001 0111
1111100100011111011010101111101100111011100100011011000010000101 0111
1101011011111111010110011111110000010001001101101000101011001100 0111
0000100011011011100001100010000010111101001011110111111111001111 0111
1111010000110110110110011000000000100110010101000011000111010000 0111
0111101100011011100101001100000001100100000100010100100101101111 0111
0111101011101101101111000011110000000100000011001010111110000011 1000
1010010010000100100100100101111011110011000110110110110000001100 1000
0000000101101101110111100001001010101000110011110000010011000011 1000
0101111101011100100110111111110011011111100000100111111110111101 1000
0101110111100011110010000111110111111010111111110101011111010111 1000
1010101000111001111000111100110111000000010100100101100010000010 1000
0111000111100001011001011010010010001101001100010110000001000010 1000
1110101010011010011110000001111110001001111110100000001000111000 1000
0000100011011011100001100010000010111101001011110111111111001111 1000
1010100110011110111000110100010011100111101111001110111101100101 1000
0111101100011011100101001100000001100100000100010100100101101111 1000
0111101011101101101111000011110000000100000011001010111110000011 1001
1010010010000100100100100101111011110011000110110110110000001100 1001
0000000101101101110111100001001010101000110011110000010011000011 1001
0101111101011100100110111111110011011111100000100111111110111101 1001
1111101010111011111000010111111111101111111101101011001001100001 1001
1010101000111001111000111100110111000000010100100101100010000010 1001
1010010101000000011010011000110001100000111101110110000001110110 1001
0000001011111011011001001010000011111011111000001001111111011100 1001
0111101100011011100101001100000001100100000100010100100101101111 1001
1010001000010010011110110110001010110000101110111100001011100001 1001
0111101011101101101111000011110000000100000011001010111110000011 1010
1010010010000100100100100101111011110011000110110110110000001100 1010
0000000101101101110111100001001010101000110011110000010011000011 1010
0101111101011100100110111111110011011111100000100111111110111101 1010
0101110111100011110010000111110111111010111111110101011111010111 1010
1010101000111001111000111100110111000000010100100101100010000010 1010
0001100110110000011001010000110001001011000001000100000010001010 1010
1101011011111111010110011111110000010001001101101000101011001100 1010
0000100011011011100001100010000010111101001011110111111111001111 1010
0010000000000011111001110100001011000000111100001000011000101100 1010
0010000110110011101111111100000111000101101011001110111100011110 1010
0001110000000101000000111001001001100010101110011110101101100100 1011
1101001111011110000001001010111011100101111011010001011010100000 1011
0000111010101100110001101010110101001000001011010010011011011010 1011
1111111111111110111100110110011011110110011110110011100111000100 1011
1010111011100100110010001001011010101010011001101101111111010110 1011
1101011011111111010110011111110000010001001101101000101011001100 1011
1000000100100010111101000101101100000001001100111000110000011010 1011
1111100100011111011010101111101100111011100100011011000010000101 1011
0011011001101100001101010100000011010001010101001100111111111001 1011
0111101100011011100101001100000001100100000100010100100101101111 1011
1010001000010010011110110110001010110000101110111100001011100001 1011
0111101011101101101111000011110000000100000011001010111110000011 1100
1010010010000100100100100101111011110011000110110110110000001100 1100
0000000101101101110111100001001010101000110011110000010011000011 1100
0101111101011100100110111111110011011111100000100111111110111101 1100
0101110111100011110010000111110111111010111111110101011111010111 1100
1010101000111001111000111100110111000000010100100101100010000010 1100
0001100110110000011001010000110001001011000001000100000010001010 1100
1101011011111111010110011111110000010001001101101000101011001100 1100
0000100011011011100001100010000010111101001011110111111111001111 1100
0010000000000011111001110100001011000000111100001000011000101100 1100
0010000110110011101111111100000111000101101011001110111100011110 1100
1011111001111010001000100100011100101111011101001110110110011000 1101
1000011010001010100110001001111011110000000011110101110000011011 1101
0100000111001010101010100010010101000101000101111011001011001010 1101
1001111110111110110101011101010111011010100110101100011111100100 1101
1001101100101111000011110110111101110010010001010010010000111011 1101
1101010001110000111001111010001001110101111000010000111100000010 1101
0010100110010110010100001100000100011010010001011000001111011111 1101
1000000101110111001011010000000010011111010000111111001011000011 1101
0010000110110011101111111100000111000101101011001110111100011110 1101
0111101011101101101111000011110000000100000011001010111110000011 1110
1010010010000100100100100101111011110011000110110110110000001100 1110
0000000101101101110111100001001010101000110011110000010011000011 1110
0101111101011100100110111111110011011111100000100111111110111101 1110
0101110111100011110010000111110111111010111111110101011111010111 1110
1010101000111001111000111100110111000000010100100101100010000010 1110
0001100110110000011001010000110001001011000001000100000010001010 1110
1101011011111111010110011111110000010001001101101000101011001100 1110
0000100011011011100001100010000010111101001011110111111111001111 1110
0010000000000011111001110100001011000000111100001000011000101100 1110
0010000110110011101111111100000111000101101011001110111100011110 1110
1011111001111010001000100100011100101111011101001110110110011000 1111
1000011010001010100110001001111011110000000011110101110000011011 1111
0100000111001010101010100010010101000101000101111011001011001010 1111
1001111110111110110101011101010111011010100110101100011111100100 1111
1001101100101111000011110110111101110010010001010010010000111011 1111
1101010001110000111001111010001001110101111000010000111100000010 1111
0010100110010110010100001100000100011010010001011000001111011111 1111
1000000101110111001011010000000010011111010000111111001011000011 1111
0010000110110011101111111100000111000101101011001110111100011110 1111
1101001111011010011000001100001110101001000101010001101000011111 10000
0100010001001010110110011110000010011010111011000100100000011101 10000
0100100100101110000101010101100101111101110000111101011110010110 10000
1100011011011000011110011001111010001000010111001111001111000000 10000
1010101000111001111000111100110111000000010100100101100010000010 10000
0111111110110101101110011110000011111000110011011111111001101110 10000
1100001011101101100111100000001100000111111010000010101100011110 10000
0100010000001111000001101111111111000111100010100101111101001111 10000
1000011111101010110111000010101001100100111101010011100011001000 10000
1000111111010001110001001000001100101011101000011000001100110111 10000
0010010110011001010110111000111100110101011001100011011000111011 10000
0000111110101011101001010000000011111001101110100110011111110000 10000
1110000000100111110111011011011010111011101011110010100101011111 10000
1101001111011010011000001100001110101001000101010001101000011111 10001
0100010001001010110110011110000010011010111011000100100000011101 10001
0100100100101110000101010101100101111101110000111101011110010110 10001
1100011011011000011110011001111010001000010111001111001111000000 10001
1010101000111001111000111100110111000000010100100101100010000010 10001
0111111110110101101110011110000011111000110011011111111001101110 10001
1100001011101101100111100000001100000111111010000010101100011110 10001
0100010000001111000001101111111111000111100010100101111101001111 10001
1000011111101010110111000010101001100100111101010011100011001000 10001
1000111111010001110001001000001100101011101000011000001100110111 10001
0010010110011001010110111000111100110101011001100011011000111011 10001
0000111110101011101001010000000011111001101110100110011111110000 10001
1110000000100111110111011011011010111011101011110010100101011111 10001
1110101110100001001111010011111101100011110111101011011111111100 10010
1001101001000010110000101110101100000010011000010000100011011100 10010
1010101000111001111000111100110111000000010100100101100010000010 10010
0100111000011100010101101011111111100000110111100101101011001110 10010
0001101001110111110111000101110011111100111101111111000110100100 10010
0111111010101001101110110001101100011101010111100101101101100011 10010
1001000100110000000011101011001100100101000110010001101010110110 10010
1111101000000101010001100011010001101110100101000111000101101010 10010
0101000100100001000010101000011011111111011110000000000001000100 10010
0010100111000011010010111010000101100100001101100110011001111000 10010
1101001011100101000101100000000110011000000000011110100100101110 10010
1110110001010100111100111011111111101111101111111011000101001110 10010
0111101011101101101111000011110000000100000011001010111110000011 10011
1010010010000100100100100101111011110011000110110110110000001100 10011
0000000101101101110111100001001010101000110011110000010011000011 10011
1111101000000101010001100011010001101110100101000111000101101010 10011
0101111101011100100110111111110011011111100000100111111110111101 10011
1100010100110010010011000111111000011010001100100001001111110011 10011
0000111010100110111000001010010110000101111010100101000101001011 10011
1011001011000001100010010001010000001010001011010000110001111000 10011
1100100100000111100101111000100100011000000101111110110111101111 10011
0000001001101000001110101100001000100011001100010000010010000111 10011
1110001110000001100101100110000101011011001110001011111001100001 10011
1110101010011010011110000001111110001001111110100000001000111000 10011
0111101011101101101111000011110000000100000011001010111110000011 10100
1011000101111111001011001101011100011110011001100110100001110111 10100
1101100000110011010001011011101100001100000001000110111001111100 10100
1111100100011111011010101111101100111011100100011011000010000101 10100
0110011010110000111101000111111001101110111111111001011000101101 10100
1101110100111000011010111011111000001001011000101011101100000101 10100
1111010000110110110110011000000000100110010101000011000111010000 10100
0111101100011011100101001100000001100100000100010100100101101111 10100
1010101000111001111000111100110111000000010100100101100010000010 10100
1001101101010010111110110010101000101001100000011011111111111011 10100
0110111010010001101111010000001101000000101010010100011001110110 10100
1110001110000001100101100110000101011011001110001011111001100001 10100
0000001001101000001110101100001000100011001100010000010010000111 10100
0001010101110000011111111110010010011001100011100010000000000010 10101
0011011000110011011011000100011100110001100100000000000011010100 10101
1010001000010010011110110110001010110000101110111100001011100001 10101
1011010110010010100101110111001011010011001100110011011110110101 10101
0111010010100110110100011000111101100100110011011010001010111011 10101
1001101111110111110110000110100001010111111001110000110000110110 10101
0001101111111010101111110111100011001001101110111111000101000010 10101
1010101000111001111000111100110111000000010100100101100010000010 10101
1001110000001000010110011000000011100001010001001111110001001100 10101
1110101010011010011110000001111110001001111110100000001000111000 10101
1011001101111101111100101001010101011000011100110010101111010100 10101
1000110101000000111100111000000000100111000101000111001010011111 10101
0111000000011110101010010110101000111100110001001000101001000000 10101
1010001011101110011110000000000111101111111001110000100101111001 10101
0000100011011011100001100010000010111101001011110111111111001111 10101
1111110101111111101100101111011000000010000110000100011110101110 10110
1000111111010001110001001000001100101011101000011000001100110111 10110
0110011001100010000000111111011010011000000110001001010011100101 10110
0101101111111010100100010011111100011111010011111101101000001010 10110
1100110001011110011100110010111000000110111100010101011101110011 10110
1010111011100100110010001001011010101010011001101101111111010110 10110
1100110000101100001010010100101110110100111010100011010111100011 10110
1100101010011111000011000100110101000100110110010111110010010000 10110
0110111000110110111001100011101110100101010010100010101000100010 10110
1111010000001101111111010000001100101010001100101100010011101000 10110
1111010101010000110000101100011000010111100101010000001011011100 10110
1111100100011111011010101111101100111011100100011011000010000101 10110
0111101100011011100101001100000001100100000100010100100101101111 10110
1100011011101100110001110100011001111101111010111111110011101011 10110
0000100101001101000101100110000001111010100110010010011110010010 10110
0011011001101100001101010100000011010001010101001100111111111001 10110
1101001111011010011000001100001110101001000101010001101000011111 10111
0100010001001010110110011110000010011010111011000100100000011101 10111
0100100100101110000101010101100101111101110000111101011110010110 10111
1100011011011000011110011001111010001000010111001111001111000000 10111
1010101000111001111000111100110111000000010100100101100010000010 10111
0111111110110101101110011110000011111000110011011111111001101110 10111
1100001011101101100111100000001100000111111010000010101100011110 10111
0100010000001111000001101111111111000111100010100101111101001111 10111
1000011111101010110111000010101001100100111101010011100011001000 10111
1000111111010001110001001000001100101011101000011000001100110111 10111
0010010110011001010110111000111100110101011001100011011000111011 10111
0000111110101011101001010000000011111001101110100110011111110000 10111
1110000000100111110111011011011010111011101011110010100101011111 10111
1001000010010001011001000001100011011111001010110011101111000100 11000
0110101000101001110110111100100000111010101100011101101011100111 11000
1100110101110100001111100000011001100110001001110100000100010010 11000
0110000101111010010011000111110010000001100001000100110011000010 11000
1010110011110011101110110110001001001011100101001110011101011000 11000
0100001010001011000101001101000001111011011011011011001000000010 11000
0011000001011100011011000101001110101110110000101010010001001011 11000
1011100100101011010000011110000100001000100010011111011101010110 11000
0000100011011011100001100010000010111101001011110111111111001111 11000
0010000110000010011000110100000101111111100001001011110010111001 11000
1010001011101110011110000000000111101111111001110000100101111001 11000
1001000010010001011001000001100011011111001010110011101111000100 11001
0110101000101001110110111100100000111010101100011101101011100111 11001
1100110101110100001111100000011001100110001001110100000100010010 11001
0110000101111010010011000111110010000001100001000100110011000010 11001
1010110011110011101110110110001001001011100101001110011101011000 11001
0100001010001011000101001101000001111011011011011011001000000010 11001
0011000001011100011011000101001110101110110000101010010001001011 11001
1011100100101011010000011110000100001000100010011111011101010110 11001
0000100011011011100001100010000010111101001011110111111111001111 11001
0010000110000010011000110100000101111111100001001011110010111001 11001
1010001011101110011110000000000111101111111001110000100101111001 11001
0001110000000101000000111001001001100010101110011110101101100100 11010
1101001111011110000001001010111011100101111011010001011010100000 11010
0000111010101100110001101010110101001000001011010010011011011010 11010
1111111111111110111100110110011011110110011110110011100111000100 11010
1010111011100100110010001001011010101010011001101101111111010110 11010
1101011011111111010110011111110000010001001101101000101011001100 11010
1000000100100010111101000101101100000001001100111000110000011010 11010
1111100100011111011010101111101100111011100100011011000010000101 11010
0011011001101100001101010100000011010001010101001100111111111001 11010
0111101100011011100101001100000001100100000100010100100101101111 11010
1010001000010010011110110110001010110000101110111100001011100001 11010
0001010101110000011111111110010010011001100011100010000000000010 11011
1111110101111111101100101111011000000010000110000100011110101110 11011
1110011001111011000110101111101101100101111000101011100000100100 11011
1110100000101010110000001101001000100010011010110010100101110011 11011
1101011011111111010110011111110000010001001101101000101011001100 11011
0011100100000100110100110101111100110110000000010000000101011001 11011
1110101010011010011110000001111110001001111110100000001000111000 11011
1011110100101011011010111001110100101100111110111001011111011000 11011
0100100110100000111110111000010100100000101100010101110100010111 11011
0110101000000101000000111100000111100010010001101011010011101101 11011
1101000110111010110100010100010011101110000001011010101101111001 11011
0000111011110101000000000010001011000010000010110010010100010011 11011
1001100001011100010100111010000111110101010101100100101001101000 11011
1101101100000001011110101110000110011000001101010010000111110110 11011
