1000001000000000011101000110010001110001110010100000101110010110
0001001010010001000101100100010100111010111001101101011001011010
0101110100000011010000100101111010101010000010011010110000101010
1010101000111001111000111100110111000000010100100101100010000010
1101110110101101111000001001110000011100111010001110010100101101
0111000000011110101010010110101000111100110001001000101001000000
1111101101111100001110101110011100000100100111101111110010010011
1011111101000010001110000010000001101111011111000101111001111111
1110001110000001100101100110000101011011001110001011111001100001
0000100011011011100001100010000010111101001011110111111111001111
0001111001010100010011010011011011110110100010001101000101111110
1010001000010010011110110110001010110000101110111100001011100001
1111111111111111111111111111111111111111111111111111111111111111
