0001010101110000011111111110010010011001100011100010000000000010
0011011000110011011011000100011100110001100100000000000011010100
1010001000010010011110110110001010110000101110111100001011100001
1011010110010010100101110111001011010011001100110011011110110101
0111010010100110110100011000111101100100110011011010001010111011
1001101111110111110110000110100001010111111001110000110000110110
0001101111111010101111110111100011001001101110111111000101000010
1010101000111001111000111100110111000000010100100101100010000010
1001110000001000010110011000000011100001010001001111110001001100
1110101010011010011110000001111110001001111110100000001000111000
1011001101111101111100101001010101011000011100110010101111010100
1000110101000000111100111000000000100111000101000111001010011111
0111000000011110101010010110101000111100110001001000101001000000
1010001011101110011110000000000111101111111001110000100101111001
0000100011011011100001100010000010111101001011110111111111001111 
