1111110101111111101100101111011000000010000110000100011110101110
1000111111010001110001001000001100101011101000011000001100110111
0110011001100010000000111111011010011000000110001001010011100101
0101101111111010100100010011111100011111010011111101101000001010
1100110001011110011100110010111000000110111100010101011101110011
1010111011100100110010001001011010101010011001101101111111010110
1100110000101100001010010100101110110100111010100011010111100011
1100101010011111000011000100110101000100110110010111110010010000
0110111000110110111001100011101110100101010010100010101000100010
1111010000001101111111010000001100101010001100101100010011101000
1111010101010000110000101100011000010111100101010000001011011100
1111100100011111011010101111101100111011100100011011000010000101
0111101100011011100101001100000001100100000100010100100101101111
1100011011101100110001110100011001111101111010111111110011101011
0000100101001101000101100110000001111010100110010010011110010010
0011011001101100001101010100000011010001010101001100111111111001
