1101001111011010011000001100001110101001000101010001101000011111
0100010001001010110110011110000010011010111011000100100000011101
0100100100101110000101010101100101111101110000111101011110010110
1100011011011000011110011001111010001000010111001111001111000000
1010101000111001111000111100110111000000010100100101100010000010
0111111110110101101110011110000011111000110011011111111001101110
1100001011101101100111100000001100000111111010000010101100011110
0100010000001111000001101111111111000111100010100101111101001111
1000011111101010110111000010101001100100111101010011100011001000
1000111111010001110001001000001100101011101000011000001100110111
0010010110011001010110111000111100110101011001100011011000111011
0000111110101011101001010000000011111001101110100110011111110000
1110000000100111110111011011011010111011101011110010100101011111 
