1001000010010001011001000001100011011111001010110011101111000100
0110101000101001110110111100100000111010101100011101101011100111
1100110101110100001111100000011001100110001001110100000100010010
0110000101111010010011000111110010000001100001000100110011000010
1010110011110011101110110110001001001011100101001110011101011000
0100001010001011000101001101000001111011011011011011001000000010
0011000001011100011011000101001110101110110000101010010001001011
1011100100101011010000011110000100001000100010011111011101010110
0000100011011011100001100010000010111101001011110111111111001111
0010000110000010011000110100000101111111100001001011110010111001
1010001011101110011110000000000111101111111001110000100101111001 
