1000001000000000011101000110010001110001110010100000101110010110
0001001010010001000101100100010100111010111001101101011001011010
0001111001010100010011010011011011110110100010001101000101111110
0110111011111010100101000000101110001111010111010001001110101000
1110011010101110101011000101101111101101001111101010110100000001
1111100100011111011010101111101100111011100100011011000010000101
1101011011111111010110011111110000010001001101101000101011001100
0000100011011011100001100010000010111101001011110111111111001111
1111010000110110110110011000000000100110010101000011000111010000
0111101100011011100101001100000001100100000100010100100101101111
