0101001111101011000101000110001101011010010010101111011001001111
1010111011100100110010001001011010101010011001101101111111010110
0110100110111101010010111111000111110101001110010100101100101100
0101101001001001101111011111001010011011010111000011110000010011
1101001111011110000001001010111011100101111011010001011010100000
0001001010011100111110111101000111111000000110011010111100100101
0110000000110100000010000000001111101000101100110110100101011001
0001101110011010011100010111100000100110001100110010010010110001
1110101010011010011110000001111110001001111110100000001000111000
0001111001010100010011010011011011110110100010001101000101111110
0011110010111001100010100101001100011000001011100110111001010101
0011110010101001101001010110111000010000110100011011111011001011
0010111001011010101011100010001000101111110110001110111000010011
0101010001011001011100001100001001110011011111101000001100011010
1101011101100010000011100000000100000101111110001101111011110101
1100110001011110011100110010111000000110111100010101011101110011
1100010000000110111000101010011111101100101010101010000110001100
1010100110100101000101001000000110101101001011011000000011011011
0001111110110111111100110010001011011010111100100111110100001010
1010101000111001111000111100110111000000010100100101100010000010
0000000000000000000000000000000011111111111111111111111111111111
