1110101110100001001111010011111101100011110111101011011111111100
1001101001000010110000101110101100000010011000010000100011011100
1010101000111001111000111100110111000000010100100101100010000010
0100111000011100010101101011111111100000110111100101101011001110
0001101001110111110111000101110011111100111101111111000110100100
0111111010101001101110110001101100011101010111100101101101100011
1001000100110000000011101011001100100101000110010001101010110110
1111101000000101010001100011010001101110100101000111000101101010
0101000100100001000010101000011011111111011110000000000001000100
0010100111000011010010111010000101100100001101100110011001111000
1101001011100101000101100000000110011000000000011110100100101110
1110110001010100111100111011111111101111101111111011000101001110 
