0111101011101101101111000011110000000100000011001010111110000011
1010010010000100100100100101111011110011000110110110110000001100
0000000101101101110111100001001010101000110011110000010011000011
0101111101011100100110111111110011011111100000100111111110111101
0101110111100011110010000111110111111010111111110101011111010111
1010101000111001111000111100110111000000010100100101100010000010
0111000111100001011001011010010010001101001100010110000001000010
1110101010011010011110000001111110001001111110100000001000111000
0000100011011011100001100010000010111101001011110111111111001111
1010100110011110111000110100010011100111101111001110111101100101
0111101100011011100101001100000001100100000100010100100101101111 
