0111101011101101101111000011110000000100000011001010111110000011
1010010010000100100100100101111011110011000110110110110000001100
0000000101101101110111100001001010101000110011110000010011000011
0101111101011100100110111111110011011111100000100111111110111101
1111101010111011111000010111111111101111111101101011001001100001
1010101000111001111000111100110111000000010100100101100010000010
1010010101000000011010011000110001100000111101110110000001110110
0000001011111011011001001010000011111011111000001001111111011100
0111101100011011100101001100000001100100000100010100100101101111
1010001000010010011110110110001010110000101110111100001011100001 
