0111101011101101101111000011110000000100000011001010111110000011
1011000101111111001011001101011100011110011001100110100001110111
1101100000110011010001011011101100001100000001000110111001111100
1111100100011111011010101111101100111011100100011011000010000101
0110011010110000111101000111111001101110111111111001011000101101
1101110100111000011010111011111000001001011000101011101100000101
1111010000110110110110011000000000100110010101000011000111010000
0111101100011011100101001100000001100100000100010100100101101111
1010101000111001111000111100110111000000010100100101100010000010
1001101101010010111110110010101000101001100000011011111111111011
0110111010010001101111010000001101000000101010010100011001110110
1110001110000001100101100110000101011011001110001011111001100001
0000001001101000001110101100001000100011001100010000010010000111 
