0111101011101101101111000011110000000100000011001010111110000011
1010010010000100100100100101111011110011000110110110110000001100
0000000101101101110111100001001010101000110011110000010011000011
1111101000000101010001100011010001101110100101000111000101101010
0101111101011100100110111111110011011111100000100111111110111101
1100010100110010010011000111111000011010001100100001001111110011
0000111010100110111000001010010110000101111010100101000101001011
1011001011000001100010010001010000001010001011010000110001111000
1100100100000111100101111000100100011000000101111110110111101111
0000001001101000001110101100001000100011001100010000010010000111
1110001110000001100101100110000101011011001110001011111001100001
1110101010011010011110000001111110001001111110100000001000111000 
