1011111111101111010000111101010000101010111110111100110111010101
1100000011100010111001111010000111111011100010111111111100110101
1010101111111010000101000011110101001001011110010010011001111000
0001111001010100010011010011011011110110100010001101000101111110
0111101101111010010100111001110000111100110110101000011101001000
1111101101111100001110101110011100000100100111101111110010010011
1001010100101010011010000000101111010000000111100010001011100000
1111101000000101010001100011010001101110100101000111000101101010
1011010100100011100110100010101111001100000000110010000110001010
1010100110011110111000110100010011100111101111001110111101100101
1010001000010010011110110110001010110000101110111100001011100001
1001101110101101100001100100000011011110011101000100111010101011
1111010000001101111111010000001100101010001100101100010011101000
