1100100100000111100101111000100100011000000101111110110111101111
1010001000010100110010001011111101011001111111010110101011000011
0000100001110011101000100100000001110111111010010110010011000001
0000101001101001000001101111100110011101101110111100100001110111
0101110110101100100111100001000000010010111111011010001011111001
0111011111110111011111110111101010111111100011100011010101101010
0101000110100010000111101001000000000010100010000001011000000000
1000001000111010001111110101011011101001000000000100000010010000
0011000010010100010100101111101111011010111111011000001100110111
1111110110110000011100000100111011100111100010001111111001111000
0010110011010000000110010111111100101101100100001010100110100001
1100101001111000000011011011011000011011100110000100010001101110
0110111101000111100011101010101001001010110111001100000101011111
0011001101010101001011111010010011101110111110110111111100001111
1110101010011010011110000001111110001001111110100000001000111000
1101110111101000110110111000001011101100100110100111011101101111
0010111000101000110010111011110111010111101100010101100010010110
1110001111111011001101000000010000101101011010011111111000111011
0001010101010000110000101001010010000011101010111000100001101000
0000100011011011100001100010000010111101001011110111111111001111
1010100010000110100000111100010000100011110001000100001000101101
0001111100001010111010100110000101010111101110000101011000011111
1010101110010011111001111110101110001101100000111100111101101111
0010110001000101011110000000100100010000011101010001100001100010
0110111111101100110111111011101110000010000001001011000101010010
0110100110111101010010111111000111110101001110010100101100101100
1000000011010100101010011010111101100000111000011010000101101001
0111011001001000000011111001011111111110110101011101110111111010
1101110100000100100100011001101010100010111110111000011110101010
0011100110001110101010000111100111011101101000110110001000000110
1010111011001001011111100110010110111100011000110000011000010010
1100000001111001111110101101111111000011000000011011010010010110
0101000110101110110011000000001011001010010000010101010110001111
1011011001101011111001111101010101101001101101000010110000101111
1001110110100001110101100110110100100100011111100111011011000111
1100011001110100101101111010000111011110110001100011100010100100
1011010101111111000110111010000010111000010101001111110100111010
0100110100011010001011110100100011111111111111011101100100011101
0111001000101010001000010100010000010101111110101110111011001011
1001101000010110100110001101110001010001101001111100110010110011
1001100110011011101110010101111001010101101001000010010101000000
1000100110010111110011011010011001110110011110000011011000111001
1010010010000100100100100101111011110011000110110110110000001100
1101101111100111100110001110000101110111001100001000011110101011
0111101011101101101111000011110000000100000011001010111110000011
0000011001000001001101100010110111011011100000111000011000011001
1100000010010111101000100000101001001111000010001011110111100100
1010101000101000000000001000010000111100001100011111100000011111
0001111001010100010011010011011011110110100010001101000101111110
1111110101111111101100101111011000000010000110000100011110101110
0110000101111010010011000111110010000001100001000100110011000010
1111110011110000100101101101111111111010010011010000011011000101
1101101010001111110110111110011111100010100000111111001001101111
0100011100101111101010111010000101010011100100100100001010110011
1001110100110001010100000010000010101010010110001001110001101010
0000000011100100011010110111111100111110010011111000100111110111
1011111011001001110111100111100100000000001100011011111100110000
1000110111101101111110000000010000011101000000111100011000111011
0111010110110111101001011111010010100100001011000000101001111000
1101011011111111010110011111110000010001001101101000101011001100
1011111111101111010000111101010000101010111110111100110111010101
0011100100000100110100110101111100110110000000010000000101011001
1000100101100001001011110000001010011010100111100101111001011110
1010101000111001111000111100110111000000010100100101100010000010
1001100000110101110110100101111011111000110010000001100100010101
0101001001100000100101010000000001100111001110100011011011001101
1001000010010001011001000001100011011111001010110011101111000100
1111111111111110111100110110011011110110011110110011100111000100
0000101010000011101110000000011011100001010110001011011000001110
1001100111000011000111111001010100111110000000111100101101111101
1111101101111100001110101110011100000100100111101111110010010011
1001011011100011110100000111111100111101000111011101101001101111
