1011100100001100011010111110001110000101111110011100101111011111
1101110000101100110011111100000011000011010011011110100101111100
1100010100110010010011000111111000011010001100100001001111110011
1110001110000001100101100110000101011011001110001011111001100001
0110000100011100100010000000001110010000101100111011010010110000
0110011000101100100110110001100110111110001011100010101101000111
0001001010011100111110111101000111111000000110011010111100100101
0010110011010000000110010111111100101101100100001010100110100001
1000011111101010110111000010101001100100111101010011100011001000
1111000110100111010110011111101001100011101001001110111001011001
1101001111011110000001001010111011100101111011010001011010100000
1101001100000010100000101011000101000110011010101101001000110000
0111111111001010111111111100101011111111100101100010100100101110
1000100101100001001011110000001010011010100111100101111001011110
0101001111101011000101000110001101011010010010101111011001001111
0101111101011100100110111111110011011111100000100111111110111101
1010111011100100110010001001011010101010011001101101111111010110
1011000101111111001011001101011100011110011001100110100001110111
0001101110010001010110000001010011001101000010101011101100100000
0111000000011110101010010110101000111100110001001000101001000000
1110110101111011011101110101100001010011110100110010010001001110
0111101011101101101111000011110000000100000011001010111110000011
0001110110010110011010000011010110100001000110001001101101000001
0100011100101111101010111010000101010011100100100100001010110011
0010101100011100110000100100000101010010010101101110001010000101
0010101010000100111110110010001011010001100011100001101001000011
1100100011100101100000101000000110101100001000111010011111000100
1011111101100001111111100111110111001000111001101001011110100011
1111001101000100010111011110011001111111011000010111100101011111
0010111000100110001110011000100100110000010000110111101110001111
0000010000110100100111010011001001000101100011010001111000101000
0101000110100010000111101001000000000010100010000001011000000000
0000111010100110111000001010010110000101111010100101000101001011
1011010010110110000111100110000010011111011110010011010110101001
0010000110110011101111111100000111000101101011001110111100011110
0100010000001111000001101111111111000111100010100101111101001111
1110000000100111110111011011011010111011101011110010100101011111
0111100000111110110100001010011011101100101001011010000010000011
0101001110001111000110100010010111100100000001000011010001110001
1010001000010010011110110110001010110000101110111100001011100001
0110101000101001110110111100100000111010101100011101101011100111
0010011011100110010010100010011011110010001110110000101011010001
0100011100110001110001011110010100110111001111101001000000000101
1100101001111000000011011011011000011011100110000100010001101110
0000000101101101110111100001001010101000110011110000010011000011
0010010011101111000000110010000100001101000000001110010111101100
1110101010011010011110000001111110001001111110100000001000111000
1110011110101101111001101101000010101101000011010101010110010010
1011010110010110011110010101101101111101001101111110010101110100
0000101001101001000001101111100110011101101110111100100001110111
0110100110111101010010111111000111110101001110010100101100101100
0010010001001100101001001100110010011111001011111111111111100000
1011001011000001100010010001010000001010001011010000110001111000
0110111000110110111001100011101110100101010010100010101000100010
1100001011101101100111100000001100000111111010000010101100011110
1100011011011000011110011001111010001000010111001111001111000000
0110000101111010010011000111110010000001100001000100110011000010
0111010010100110110100011000111101100100110011011010001010111011
1011100100111000111010011010101110001101001110000100101111111001
0101111111000010000011010011001100111000001001000110011100100011
0001000110101001110001001010000011100111101100110100001010000010
0101100110101001010001001011101101110001101001100001001000000100
1100110000001010000101001100000000110111000111100100110101000000
1110110001010100111100111011111111101111101111111011000101001110
0011011010110110101011001110101000100001100010110010100101100001
0000100011011011100001100010000010111101001011110111111111001111
0110011010110000111101000111111001101110111111111001011000101101
1011110100101011011010111001110100101100111110111001011111011000
0011110010101001101001010110111000010000110100011011111011001011
0010010000001001001100101100000111001100110100110000011110100111
1001100111000011000111111001010100111110000000111100101101111101
0011101110011110111001010010111000011001111010010001100110001011
0101101100000101010011001101011111111110011000011110101010010101
1111101101111100001110101110011100000100100111101111110010010011
0101010000011100111010000010001010101101111001001011010110110010
1100010101011100001011010011101110011000000011011000011110110011
0110011100010111100011011011011101100100111001111011000000110100
1111101000000101010001100011010001101110100101000111000101101010
1100110001011110011100110010111000000110111100010101011101110011
0111101100011011100101001100000001100100000100010100100101101111
1000111111010001110001001000001100101011101000011000001100110111
1011010110010010100101110111001011010011001100110011011110110101
1110011010101110101011000101101111101101001111101010110100000001
0110001111000100111001110111101110100111010111011111011111000111
0010111000101000110010111011110111010111101100010101100010010110
1111010000001101111111010000001100101010001100101100010011101000
0010001100001011000100100011110101001010111010000101010110000010
0100100100101110000101010101100101111101110000111101011110010110
1011000110101010001000100110001110100001001000110011011101110100
0000101010000011101110000000011011100001010110001011011000001110
1111010000110110110110011000000000100110010101000011000111010000
0111100010110101100001011100011000001111100110111010011101111100
1100100100000111100101111000100100011000000101111110110111101111
0010111001011010101011100010001000101111110110001110111000010011
0100010001001010110110011110000010011010111011000100100000011101
1101110100111000011010111011111000001001011000101011101100000101
0100001010001011000101001101000001111011011011011011001000000010
1100011001011001100111010011100011001001101101110110110010101101
0011011001101100001101010100000011010001010101001100111111111001
1101011011111111010110011111110000010001001101101000101011001100
1000010000100001110010001110001010000111001110000000000101110000
1000110000010011000111110000000001000010010010111001011000010001
1001110110001001000011100000101101111000100010011110001110101100
1001100000110101110110100101111011111000110010000001100100010101
1001000010010001011001000001100011011111001010110011101111000100
0001011010111010100001011001100110101111010011111001010100011011
0010010110011001010110111000111100110101011001100011011000111011
0000111100100101011111011001010011111100100101010011001001010011
1101101010001111110110111110011111100010100000111111001001101111
0000001001101000001110101100001000100011001100010000010010000111
1100110101110100001111100000011001100110001001110100000100010010
1101100000110011010001011011101100001100000001000110111001111100
0111111011001000010100000100001110001101011011100001100100000000
1101001111011010011000001100001110101001000101010001101000011111
0001101110011010011100010111100000100110001100110010010010110001
1010000000010010001000010110001011010100100011101101000100001011
0110101000000101000000111100000111100010010001101011010011101101
1010001010111110000011010000001011111010101101001110010000111101
0111110001001110110110011110110010011100101001100101101111110111
0010101101000101000000100110001100011100010000100000000001001000
0110100010000000101111010000000101111011011000101001100111111010
0001100110110000011001010000110001001011000001000100000010001010
1001100110011011101110010101111001010101101001000010010101000000
1010110011110011101110110110001001001011100101001110011101011000
1111010001111111111100111111001100110100100111101011010011110011
1000000101110111001011010000000010011111010000111111001011000011
1001111110111110110101011101010111011010100110101100011111100100
1101110101010101001000100110101100100010101000111100100110001100
0111111110110101101110011110000011111000110011011111111001101110
1010010010000100100100100101111011110011000110110110110000001100
1100000010010111101000100000101001001111000010001011110111100100
0001110101110001001010110000000000111000001001101001001011101110
0000100110011100101100101110000110001101000100111011011110110011
0100111001101010110100001011110101110101111001011111100100101101
0001111001010100010011010011011011110110100010001101000101111110
0010110110011100101000100100110101001010010100001101001010101100
0101010010000110101111010000001100100101101010110011100101011100
1010000000010010001101011000000100010000000101010010011100000101
0011000001011100011011000101001110101110110000101010010001001011
1000111111110101000101101011110010100010111101110101111111111000
0000000011100100011010110111111100111110010011111000100111110111
1100000011100010111001111010000111111011100010111111111100110101
1111100100011111011010101111101100111011100100011011000010000101
0110000000110100000010000000001111101000101100110110100101011001
1011111111101111010000111101010000101010111110111100110111010101
0111110111100101011001000000001101000000110011001110100000001110
1010101000111001111000111100110111000000010100100101100010000010
0101101001001001101111011111001010011011010111000011110000010011
0000111110101011101001010000000011111001101110100110011111110000
