1010001000010100110010001011111101011001111111010110101011000011
0000101001101001000001101111100110011101101110111100100001110111
0101110110101100100111100001000000010010111111011010001011111001
0110000100011100100010000000001110010000101100111011010010110000
0001001010011100111110111101000111111000000110011010111100100101
0010110011010000000110010111111100101101100100001010100110100001
1111000110100111010110011111101001100011101001001110111001011001
0001010110010000001001011011110001010001001110000001001101111010
1111011101111111010001000110001101000000000100101100100010101001
0111111111001010111111111100101011111111100101100010100100101110
1000100101100001001011110000001010011010100111100101111001011110
0101001111101011000101000110001101011010010010101111011001001111
1010111100110100101000110101100000100010100110001000110001000001
0001110101101100100110011001100000010101000011101011110111110111
1011011001101011111001111101010101101001101101000010110000101111
1100000010010111101000100000101001001111000010001011110111100100
0100011100101111101010111010000101010011100100100100001010110011
1000000100100010111101000101101100000001001100111000110000011010
1011111011001001110111100111100100000000001100011011111100110000
1101001101010010111001000001000010110110001100001101001101111100
0010010100001000011100101011100000000000111011100110100011010110
1100101100011111111101100101110111010011011001101000001000001110
0101000100100001000010101000011011111111011110000000000001000100
0101001001100000100101010000000001100111001110100011011011001101
1101010100111010110000010100001011111000011011101111100011011001
1101110101010101001000100110101100100010101000111100100110001100
1001100000011010011010010010010001100110101101100010101000000101
1010001000010010011110110110001010110000101110111100001011100001
0110111101000111100011101010101001001010110111001100000101011111
1100101001111000000011011011011000011011100110000100010001101110
0010010011101111000000110010000100001101000000001110010111101100
0011001101010101001011111010010011101110111110110111111100001111
1110101010011010011110000001111110001001111110100000001000111000
0001010101010000110000101001010010000011101010111000100001101000
1101010110010011100001110101101110001010011110110101110011100001
1110011110101101111001101101000010101101000011010101010110010010
1011011111110111110010011000010111110101100001011101111011101100
1010010110101000010111100001011110101100010010110111001001000111
0010010001001100101001001100110010011111001011111111111111100000
0011100110001110101010000111100111011101101000110110001000000110
0110111000110110111001100011101110100101010010100010101000100010
1101001111011110000001001010111011100101111011010001011010100000
1111111111111110111100110110011011110110011110110011100111000100
0111001000101010001000010100010000010101111110101110111011001011
1001101000010110100110001101110001010001101001111100110010110011
0111011001001000000011111001011111111110110101011101110111111010
1101101111100111100110001110000101110111001100001000011110101011
1110101001110011000110110110010110000101001001011000000010000000
0010100010010011100001110000001010001100101011100100000010010100
0101100110101001010001001011101101110001101001100001001000000100
0111011111100101001010100001110100110100101001000101000111010001
1000000001100101101000111110101001111110011100110101111000010110
0100001010001011000101001101000001111011011011011011001000000010
0101101100000110110101010010000001010000100000001001100110011010
0001100110110000011001010000110001001011000001000100000010001010
1001100111000011000111111001010100111110000000111100101101111101
1110100000101011011011010101111100011011100111110100001110111101
0110001100001111100010001010010001001010000111011100110000100110
1100010101011100001011010011101110011000000011011000011110110011
1111101000000101010001100011010001101110100101000111000101101010
1111110110110000011100000100111011100111100010001111111001111000
0011100101010100001100111010101110100001010100000111100000001111
0010111000101000110010111011110111010111101100010101100010010110
1010101110010011111001111110101110001101100000111100111101101111
0010000110110010000111000101001000011101000100011000000000001111
1011000110101010001000100110001110100001001000110011011101110100
1100100100000111100101111000100100011000000101111110110111101111
0010111001011010101011100010001000101111110110001110111000010011
1010101000101000000000001000010000111100001100011111100000011111
0011011100001011011000110001111100010111100111100101001110000001
1000101010110000111111011010011110100101100110010101111111011101
1000110111101101111110000000010000011101000000111100011000111011
0011011001101100001101010100000011010001010101001100111111111001
1001100000110101110110100101111011111000110010000001100100010101
1001000010010001011001000001100011011111001010110011101111000100
0001011010111010100001011001100110101111010011111001010100011011
0000101010000011101110000000011011100001010110001011011000001110
0000111100100101011111011001010011111100100101010011001001010011
0000001001101000001110101100001000100011001100010000010010000111
0111110001001110110110011110110010011100101001100101101111110111
1101110111101000110110111000001011101100100110100111011101101111
1000110101000000111100111000000000100111000101000111001010011111
1001100110011011101110010101111001010101101001000010010101000000
0101000110101110110011000000001011001010010000010101010110001111
0010000110110011101111111100000111000101101011001110111100011110
1011010101111111000110111010000010111000010101001111110100111010
0011000010010100010100101111101111011010111111011000001100110111
1000100110010111110011011010011001110110011110000011011000111001
1000110000010011000111110000000001000010010010111001011000010001
0001110101110001001010110000000000111000001001101001001011101110
0100111001101010110100001011110101110101111001011111100100101101
0001111001010100010011010011011011110110100010001101000101111110
0110011100010111100011011011011101100100111001111011000000110100
0000000011100100011010110111111100111110010011111000100111110111
1101011011111111010110011111110000010001001101101000101011001100
1011111111101111010000111101010000101010111110111100110111010101
1101101010001111110110111110011111100010100000111111001001101111
1010101000111001111000111100110111000000010100100101100010000010
1011101101000111011101001011101111101101000101001101101101010010
1010001011101100111001110100101101001011000010110101000110100110
