1010101000111001111000111100110111000000010100100101100010000010
1101011011111111010110011111110000010001001101101000101011001100
1111100100011111011010101111101100111011100100011011000010000101
0001111001010100010011010011011011110110100010001101000101111110
1010001000010010011110110110001010110000101110111100001011100001
1111101101111100001110101110011100000100100111101111110010010011
1110101010011010011110000001111110001001111110100000001000111000
0110111000110110111001100011101110100101010010100010101000100010
1110110001010100111100111011111111101111101111111011000101001110
1101110100111000011010111011111000001001011000101011101100000101
0111101100011011100101001100000001100100000100010100100101101111
0111111011001000010100000100001110001101011011100001100100000000
0111110111100101011001000000001101000000110011001110100000001110
1000011111101010110111000010101001100100111101010011100011001000
0011011001101100001101010100000011010001010101001100111111111001
0000110100001100000110110101101011001100000011000000100111000100
1011111101100001111111100111110111001000111001101001011110100011
1110101001110011000110110110010110000101001001011000000010000000
1111011010010100101110010110001110101011000101111101010111111100
0010000110110011101111111100000111000101101011001110111100011110
0000110000111001111010110000001011001011111100110010000101001010
1101010111011111110111110001111101110110111000010101010100110001
0110100110111101100001100000000101101011001011111011001101001001
0000100011011011100001100010000010111101001011110111111111001111
1001011011100011110100000111111100111101000111011101101001101111
0100011100101111101010111010000101010011100100100100001010110011
1001111001010111001001100010111111000010100010011000100100110100
1001110110100001110101100110110100100100011111100111011011000111
1110011110010111011001011100011010111101101110011100101101001000
1101101110001001011111011110000011000100111100011110101111011000
0001011000010100001101010010001000001101011111101110010110101101
1010001000010100110010001011111101011001111111010110101011000011
1100010011111101000010010110001101010111100010110010111111101010
0101001001100000100101010000000001100111001110100011011011001101
1101110011101111000011001000001001111000110110000100010010000100
0110111110010100110110010110111001110101000110101011111111101001
1000100110101011111000000011111111101101011011000101100101010101
1010000000010010001000010110001011010100100011101101000100001011
0100100110100000111110111000010100100000101100010101110100010111
1100100100000111100101111000100100011000000101111110110111101111
1110011000011011001111101100001001110110100001011101110100011001
1100111010101011000010011011110100011111111101010010011100010111
1111100001011001000100011100000011011101010000111000001101111101
1101110000110000010100111011101111101011101000001110110010100011
1111101011101101001101000110011101011010011000010011111011111111
1101000001001001001110111110001001101011101101001010001011011111
0110011011101110001100000010000010001011110011010001010111100011
0111000000000001011111010110001010101010111100010011010101111100
0111011001100101000000000011111100000000101000001110111011000001
1101100101100001011010000001111001101000111101111000000100110010
1010100110100101000101001000000110101101001011011000000011011011
0100000000000000011100010110000011001101001101111111111110111010
1101110110100101111000101011010110110100110100110100000000001110
1011111101000010001110000010000001101111011111000101111001111111
1011000100111001101011010011111100001000010000010110001011001101
1011010101111111000110111010000010111000010101001111110100111010
1110011110111110100111101010001110111011000000111110000010100101
0100011011011110010011011100001110110001101101101010100010110001
1000100101100001001011110000001010011010100111100101111001011110
1011111011001001110111100111100100000000001100011011111100110000
0110001110110111111111100100111110101001101010011101011011110010
0010101100011100110000100100000101010010010101101110001010000101
1000110111101101111110000000010000011101000000111100011000111011
1010101000101000000000001000010000111100001100011111100000011111
0010100011010001001001010100000011111111110110110000010010100111
1101001110011000110000100110100111100000000100000001011010000001
