1010101000111001111000111100110111000000010100100101100010000010
1101011011111111010110011111110000010001001101101000101011001100
1111100100011111011010101111101100111011100100011011000010000101
1010001000010010011110110110001010110000101110111100001011100001
1111101101111100001110101110011100000100100111101111110010010011
0011100110001110101010000111100111011101101000110110001000000110
1001111110111110110101011101010111011010100110101100011111100100
0111101101111010010100111001110000111100110110101000011101001000
1011110100101011011010111001110100101100111110111001011111011000
0110000100011100100010000000001110010000101100111011010010110000
1110001001110110000010011101010110000010011001011000011010100001
1110001110000001100101100110000101011011001110001011111001100001
0101001010011000001001000111111100001101100011110100011000010110
1010110011110011101110110110001001001011100101001110011101011000
0110101111111011111110100101101110111000001011100110100000000000
1001000010010001011001000001100011011111001010110011101111000100
1010100110011110111000110100010011100111101111001110111101100101
0100111111110010000100001111010010001111111111000110111001001110
0111101011101101101111000011110000000100000011001010111110000011
0011001101111011011010010101101100001101011010110000110001110101
0000101010010111001101001000011111111010011011101111010001000001
1010010010111101111011101101010000001100011010011110000110000011
1111000111111100111111100111000111001010110101100100101000100110
0001111111011111101111011001001010101101110111100111101001010011
0000000111101000101110001111011101011111001001010101111010100000
1000111110011110000010100010000101101010110110001100000100011100
1010111111011111110101110011011011100110000100001101010110011000
1010101001110001101111110011011101010110010000011000110010110111
0000100010100010100101101000110000001001000111011110101111001111
0000010101001000000001111000111110010110011100011011000101001001
0101110111111010100111011010100011001010000110101010100111000000
0110101000101001110110111100100000111010101100011101101011100111
0110000101111010010011000111110010000001100001000100110011000010
1100110101110100001111100000011001100110001001110100000100010010
1111111101100111010111111011011000110001101010100100000001101101
0000110010010110001001010110010111011110011000101100010011110010
0101010000111101111010100111110000010001101010000101001001001011
