1010101000111001111000111100110111000000010100100101100010000010
1101011011111111010110011111110000010001001101101000101011001100
0001111001010100010011010011011011110110100010001101000101111110
1111010000001101111111010000001100101010001100101100010011101000
0111101101111010010100111001110000111100110110101000011101001000
0111000000011110101010010110101000111100110001001000101001000000
0010010011101111000000110010000100001101000000001110010111101100
0111111011001000010100000100001110001101011011100001100100000000
1100000001111001111110101101111111000011000000011011010010010110
0110000100011100100010000000001110010000101100111011010010110000
1001000010010001011001000001100011011111001010110011101111000100
1111011000111101100111110000110011111111011111001110111010000011
1010000000010010001101011000000100010000000101010010011100000101
1011111011100101010010000010010001000001001110001010001011011011
1011000110101010001000100110001110100001001000110011011101110100
0011000010100100001000010100011111100010011010110011000100010111
0100101101101000001010101001101100000000011000100100000000000011
1010101110010011111001111110101110001101100000111100111101101111
