1010101000111001111000111100110111000000010100100101100010000010
1101011011111111010110011111110000010001001101101000101011001100
1010001000010010011110110110001010110000101110111100001011100001
1110101010011010011110000001111110001001111110100000001000111000
0001001010011100111110111101000111111000000110011010111100100101
1110011110101101111001101101000010101101000011010101010110010010
0110100110111101010010111111000111110101001110010100101100101100
0111100010110101100001011100011000001111100110111010011101111100
0110011000101100100110110001100110111110001011100010101101000111
1001000010010001011001000001100011011111001010110011101111000100
0000001001101000001110101100001000100011001100010000010010000111
1101001111011110000001001010111011100101111011010001011010100000
0000111100100101011111011001010011111100100101010011001001010011
0001101110011010011100010111100000100110001100110010010010110001
1100101001111000000011011011011000011011100110000100010001101110
1011000110101010001000100110001110100001001000110011011101110100
0001110101110001001010110000000000111000001001101001001011101110
0000000011100100011010110111111100111110010011111000100111110111
0101001111101011000101000110001101011010010010101111011001001111
1001100111000011000111111001010100111110000000111100101101111101
1110110101111011011101110101100001010011110100110010010001001110
1010111011100100110010001001011010101010011001101101111111010110
0101101001001001101111011111001010011011010111000011110000010011
1011111111101111010000111101010000101010111110111100110111010101
0010111000101000110010111011110111010111101100010101100010010110
0001011010111010100001011001100110101111010011111001010100011011
0000101010000011101110000000011011100001010110001011011000001110
0110000000110100000010000000001111101000101100110110100101011001
1101101010001111110110111110011111100010100000111111001001101111
0111111111001010111111111100101011111111100101100010100100101110
1100011001011001100111010011100011001001101101110110110010101101
1101110101010101001000100110101100100010101000111100100110001100
0010110011010000000110010111111100101101100100001010100110100001
