0001111001010100010011010011011011110110100010001101000101111110
1110110001010100111100111011111111101111101111111011000101001110
0111111011001000010100000100001110001101011011100001100100000000
0111110111100101011001000000001101000000110011001110100000001110
0010000110110011101111111100000111000101101011001110111100011110
1101010111011111110111110001111101110110111000010101010100110001
0000100011011011100001100010000010111101001011110111111111001111
0100011100101111101010111010000101010011100100100100001010110011
1001111001010111001001100010111111000010100010011000100100110100
1001110110100001110101100110110100100100011111100111011011000111
1101101110001001011111011110000011000100111100011110101111011000
1010001000010100110010001011111101011001111111010110101011000011
0101001001100000100101010000000001100111001110100011011011001101
1101110011101111000011001000001001111000110110000100010010000100
1100100100000111100101111000100100011000000101111110110111101111
1110011000011011001111101100001001110110100001011101110100011001
1100111010101011000010011011110100011111111101010010011100010111
1111100001011001000100011100000011011101010000111000001101111101
1111101011101101001101000110011101011010011000010011111011111111
1101000001001001001110111110001001101011101101001010001011011111
0111011001100101000000000011111100000000101000001110111011000001
1011010101111111000110111010000010111000010101001111110100111010
1110011110111110100111101010001110111011000000111110000010100101
1000100101100001001011110000001010011010100111100101111001011110
1011111011001001110111100111100100000000001100011011111100110000
1000110111101101111110000000010000011101000000111100011000111011
