1010101000111001111000111100110111000000010100100101100010000010
1101011011111111010110011111110000010001001101101000101011001100
1111100100011111011010101111101100111011100100011011000010000101
0001111001010100010011010011011011110110100010001101000101111110
1010001000010010011110110110001010110000101110111100001011100001
0111101101111010010100111001110000111100110110101000011101001000
1101010110010011100001110101101110001010011110110101110011100001
0111010010100110110100011000111101100100110011011010001010111011
0010010011101111000000110010000100001101000000001110010111101100
1110011110101101111001101101000010101101000011010101010110010010
0111110111100101011001000000001101000000110011001110100000001110
0011011001101100001101010100000011010001010101001100111111111001
1110101001110011000110110110010110000101001001011000000010000000
1001000010010001011001000001100011011111001010110011101111000100
1011100100101011010000011110000100001000100010011111011101010110
1011101100100101010000110001001110010000001101001011010100000000
0101000001100000000100101100110110110011011101011000000110011011
1110000111011010010010101011001011110110011000010111110110111000
1001101101010010111110110010101000101001100000011011111111111011
1000101010110000111111011010011110100101100110010101111111011101
0101011101010010000100110011111010001111111100110000000110101100
1000010000010001111111011100101101101101000110000010011101101011
0000101000000111010000001110100000001110010110101101110000011101
1111011101111111010001000110001101000000000100101100100010101001
1010111010001110000000110110111101100011001000011011011111111011
1100011101100100111011110111000100111001100010110001110001110001
1011100011100011011010111011010110110100010110011100010001111111
1111001101001000010111010001011110100001010101011100101010100001
1101111111010111001100011001111000011011001010011011100101110010
1111010111001010101010110001010111111001000111111101110110001011
1110110011101000000001000100111101110111101000101011010101000100
1111110110110000011100000100111011100111100010001111111001111000
0001111001110100100010100000101100110010100000000110100011111111
0100000000000000011100010110000011001101001101111111111110111010
0010101011010000000100001101111000000001001110101111111111001001
1001110110001001000010001001001000001100100100110010000011110100
1001100101101000110111101010011010011001110000001000001010001010
