1010101000111001111000111100110111000000010100100101100010000010
0001111001010100010011010011011011110110100010001101000101111110
1110101010011010011110000001111110001001111110100000001000111000
0110111000110110111001100011101110100101010010100010101000100010
0000111010101100110001101010110101001000001011010010011011011010
1010100010000110100000111100010000100011110001000100001000101101
1010000000010010001101011000000100010000000101010010011100000101
0010110001000101011110000000100100010000011101010001100001100010
1011110101110100101010000000000011101100110000001000010001111000
0101000110100010000111101001000000000010100010000001011000000000
0100000000001001110110001101011100000000000000001001000001100100
