1100110001011110011100110010111000000110111100010101011101110011
0111000000011110101010010110101000111100110001001000101001000000
0001001010011100111110111101000111111000000110011010111100100101
0110011000101100100110110001100110111110001011100010101101000111
1111001000010010010101000111010100010000101101001001000000010110
0110000000110110111001111110001010001010101001010011111010011011
1100011011101100110001110100011001111101111010111111110011101011
1110001111111011001101000000010000101101011010011111111000111011
0110111101100101100110011110000011101111111010100010101011110000
1010101001100011101111001111011100101111011011101001111010101000
1000011111101111111110000010000011001000110011110110010111101011
0001111100001010111010100110000101010111101110000101011000011111
1001100000110101110110100101111011111000110010000001100100010101
1110000110011000100111100111100010110001000010111010001010011011
1000010001101110111010010011000100111001010001101010110110111110
1001100110011011101110010101111001010101101001000010010101000000
