1010101000111001111000111100110111000000010100100101100010000010
0001111001010100010011010011011011110110100010001101000101111110
1110101010011010011110000001111110001001111110100000001000111000
0011100110001110101010000111100111011101101000110110001000000110
0011011001101100001101010100000011010001010101001100111111111001
0010000110110011101111111100000111000101101011001110111100011110
0100011100101111101010111010000101010011100100100100001010110011
1010001000010100110010001011111101011001111111010110101011000011
0101001001100000100101010000000001100111001110100011011011001101
1100100100000111100101111000100100011000000101111110110111101111
1010111100110100101000110101100000100010100110001000110001000001
1101010100111010110000010100001011111000011011101111100011011001
0101000100100001000010101000011011111111011110000000000001000100
1011010101111111000110111010000010111000010101001111110100111010
1000100101100001001011110000001010011010100111100101111001011110
0011001101010101001011111010010011101110111110110111111100001111
1000110111101101111110000000010000011101000000111100011000111011
