1101011011111111010110011111110000010001001101101000101011001100
0001111001010100010011010011011011110110100010001101000101111110
0110111000110110111001100011101110100101010010100010101000100010
1101010110010011100001110101101110001010011110110101110011100001
0100001010001011000101001101000001111011011011011011001000000010
1011101101000111011101001011101111101101000101001101101101010010
0010010100001000011100101011100000000000111011100110100011010110
0010100010010011100001110000001010001100101011100100000010010100
0011011100001011011000110001111100010111100111100101001110000001
0101110110101100100111100001000000010010111111011010001011111001
1010001011101100111001110100101101001011000010110101000110100110
1000000100100010111101000101101100000001001100111000110000011010
1001101000010110100110001101110001010001101001111100110010110011
0001110101101100100110011001100000010101000011101011110111110111
0110001100001111100010001010010001001010000111011100110000100110
1010101110010011111001111110101110001101100000111100111101101111
1111111111111110111100110110011011110110011110110011100111000100
1000000001100101101000111110101001111110011100110101111000010110
1000100110010111110011011010011001110110011110000011011000111001
