1010101000111001111000111100110111000000010100100101100010000010
1101011011111111010110011111110000010001001101101000101011001100
0001111001010100010011010011011011110110100010001101000101111110
1110101010011010011110000001111110001001111110100000001000111000
0011100110001110101010000111100111011101101000110110001000000110
1110110001010100111100111011111111101111101111111011000101001110
0111000000011110101010010110101000111100110001001000101001000000
1110000000100111110111011011011010111011101011110010100101011111
0001001010011100111110111101000111111000000110011010111100100101
0000111010101100110001101010110101001000001011010010011011011010
1011010110010010100101110111001011010011001100110011011110110101
1100110100011101011111100100001101000100100011110101010010000100
1100100110011001000101101001000001000111000100010100110011010000
0111001011100100110110000011011111110011101011110110000100111111
0110100110111101010010111111000111110101001110010100101100101100
1011111101100001111111100111110111001000111001101001011110100011
0000001001101000001110101100001000100011001100010000010010000111
1101001101010010111001000001000010110110001100001101001101111100
1101110110101101111000001001110000011100111010001110010100101101
1111001101000100010111011110011001111111011000010111100101011111
1000101001000101000111010001100110100101011001000010000010000000
0011101111011101010111100000000010010100000101101111000111100001
0100011100110001110001011110010100110111001111101001000000000101
1101001111011110000001001010111011100101111011010001011010100000
0001101110011010011100010111100000100110001100110010010010110001
1010000000010010001101011000000100010000000101010010011100000101
1100101001111000000011011011011000011011100110000100010001101110
0111100011100110011000100111110110100010010110101000111110100000
1011000110101010001000100110001110100001001000110011011101110100
0011101110011110111001010010111000011001111010010001100110001011
0110000000110110111001111110001010001010101001010011111010011011
0001110101110001001010110000000000111000001001101001001011101110
0101111111000111110000101110110111101110010001110001001011001000
1000110110010100011000110011011000010101110000011011011010010110
1111101110000111100001000100101101011110010011100010110000110111
0011001110010101000101111001010101111010101110000100110100100011
0101001111101011000101000110001101011010010010101111011001001111
0001101011001110001011001110100000100110111110010011000111111110
1010111011100100110010001001011010101010011001101101111111010110
0010110101001110010101010100000110001111010110000011010111011001
1011010110010110011110010101101101111101001101111110010101110100
0100000010100000100111010000010000000010010010100000100111011000
0101101001001001101111011111001010011011010111000011110000010011
0101100110101001010001001011101101110001101001100001001000000100
1001101111110111110110000110100001010111111001110000110000110110
1100000000111000100000011101100110101111010011010000111001011000
1011111111101111010000111101010000101010111110111100110111010101
1010101001100011101111001111011100101111011011101001111010101000
1000100110101111111111011010010011101111111111111111111000101001
0010111000101000110010111011110111010111101100010101100010010110
0101101100000101010011001101011111111110011000011110101010010101
1110010001010011101001100101001101010001010010010010010000011010
0000011011100011000100110111111010100011001010110111000110011111
1111111111111110111100110110011011110110011110110011100111000100
0101101100000110110101010010000001010000100000001001100110011010
1011011110011010010110010111010001011110010010001100001001010010
1100010101011100001011010011101110011000000011011000011110110011
0110000000110100000010000000001111101000101100110110100101011001
0110110000111011000111111011001100100100000111100001110010101001
1000010001101110111010010011000100111001010001101010110110111110
1111110110011011010010000000111101110001110111110011101100001101
0010001110100011010011111000110101010011000000010010001011100100
1111010001111111111100111111001100110100100111101011010011110011
1101110101010101001000100110101100100010101000111100100110001100
1111010100101100001010010101010111100111111010111000100111010101
0010110011010000000110010111111100101101100100001010100110100001
0111111101010100111111111111001011001101111101001111111110100101
0101110000110100100100100011010111010001001011011101000000010001
