1010101000111001111000111100110111000000010100100101100010000010
1101011011111111010110011111110000010001001101101000101011001100
1111100100011111011010101111101100111011100100011011000010000101
0001111001010100010011010011011011110110100010001101000101111110
1010001000010010011110110110001010110000101110111100001011100001
1111101101111100001110101110011100000100100111101111110010010011
1111101000000101010001100011010001101110100101000111000101101010
1110101010011010011110000001111110001001111110100000001000111000
1111010000001101111111010000001100101010001100101100010011101000
0011100110001110101010000111100111011101101000110110001000000110
0111101100011011100101001100000001100100000100010100100101101111
1110000001101011010011101000001010000010100001110001110110110010
0011011001101100001101010100000011010001010101001100111111111001
1011111101100001111111100111110111001000111001101001011110100011
0000110000111001111010110000001011001011111100110010000101001010
0110001001110001001010111101000111110101110000001110001000100011
0000100011011011100001100010000010111101001011110111111111001111
0000100001110011101000100100000001110111111010010110010011000001
1000100101110001011000100100110010111110111001111100001100000011
0100011100101111101010111010000101010011100100100100001010110011
0100110000010111110001100000000110100000101001101101110100000111
0110100111001011100001101000001010111111100001001111111010110111
1001101111101111000101001000001010110110001001001000001111011010
0101011000101111000101001110000010110001001101111011011101101101
1010110111110110001100011111100111000000111000101011100011110000
0100010111000100010011100000001100111000111000011010111101110001
0010010000001001001100101100000111001100110100110000011110100111
1100100100000111100101111000100100011000000101111110110111101111
0011000101010100011000101100011110110100101101111001111100101111
0100010000000010001010111111101101000101111011101001000010010111
0001110000111100100010010000010101000101110100010001010001011001
0110000111110111110011100010000101110000001111010001001000001011
1110000111000101111011100100001011101001010110101101001011010110
1100110010010110110100001111111100011100010110110001001100011010
1001001010010100110000001001100111111111100110100110110110100101
0011001011101100010001110011101101000001011010101001100010100011
1010110101001000010011111000001011000001011110111010110100011010
1000100101100001001011110000001010011010100111100101111001011110
1110010110011100011110101011101010000101100010001000110000010100
1000110111101101111110000000010000011101000000111100011000111011
1011110011011111001010000110000111101101111101111001111100111111
0111101010100101001101001100000100000001010010101001101000100101
0111011011011000101001010110000010110111111110001111000111111111
1000000001100011101101011110000100010111110100101010110101011111
