1111100100011111011010101111101100111011100100011011000010000101
1010001000010010011110110110001010110000101110111100001011100001
1110101010011010011110000001111110001001111110100000001000111000
1011110100101011011010111001110100101100111110111001011111011000
0111110111100101011001000000001101000000110011001110100000001110
1110001110000001100101100110000101011011001110001011111001100001
0111101111011110011000100100110011001111101001011111110010000000
0010000110110011101111111100000111000101101011001110111100011110
0000110000111001111010110000001011001011111100110010000101001010
1010101111111010000101000011110101001001011110010010011001111000
0110100110111101100001100000000101101011001011111011001101001001
0100011000101000010111011100001001011010100011100001011010010100
1111001001001001110100001000101000001011101110110100110010101111
0100011100101111101010111010000101010011100100100100001010110011
0100110000010111110001100000000110100000101001101101110100000111
0010111100101001100000110111111001100111111101111100101111000101
0001101001110010010100111100001011111100011110100100111000000011
0101000101001000011000100100000101100110010001101110000010111100
1101010001110000111001111010001001110101111000010000111100000010
0100010111000100010011100000001100111000111000011010111101110001
1100100100000111100101111000100100011000000101111110110111101111
0010101010000100111110110010001011010001100011100001101001000011
0001110000111100100010010000010101000101110100010001010001011001
