1010101000111001111000111100110111000000010100100101100010000010
1111101000000101010001100011010001101110100101000111000101101010
1001111110111110110101011101010111011010100110101100011111100100
0001001010011100111110111101000111111000000110011010111100100101
0010101101101111100110100010101000111010010010110011001110001000
0110100110111101010010111111000111110101001110010100101100101100
1011111101100001111111100111110111001000111001101001011110100011
0100100001010111111100000000010010100010001001111110100000001101
1000010000000011001000100100110110011000100110010000111110111000
1001000010010001011001000001100011011111001010110011101111000100
0001001010010001000101100100010100111010111001101101011001011010
0000001001101000001110101100001000100011001100010000010010000111
1101001111011110000001001010111011100101111011010001011010100000
1110000100110111111001000011111111010100010101110000100110101110
1000001000000000011101000110010001110001110010100000101110010110
0011001101101000111111001000011011010111000011011100010110000011
1010111111001101100111111100111101110010001101000010000010101011
0110000111001011011000100101101011111101001010110010000111101111
0000000011100100011010110111111100111110010011111000100111110111
0101001111101011000101000110001101011010010010101111011001001111
0000000111111000101001001010000100010001000100101011111100100010
1010111011100100110010001001011010101010011001101101111111010110
0101101001001001101111011111001010011011010111000011110000010011
0101110100000011010000100101111010101010000010011010110000101010
0101110001101010110110110011101111001101100010101000101010110000
0101111011101100010001111000001110011101111010100101111101100110
0000101010000011101110000000011011100001010110001011011000001110
