1101011011111111010110011111110000010001001101101000101011001100
1111101101111100001110101110011100000100100111101111110010010011
0111010010100110110100011000111101100100110011011010001010111011
0000111010101100110001101010110101001000001011010010011011011010
1100010000001111110101110001010111100101100000011100010101011011
0101001010011000001001000111111100001101100011110100011000010110
1011111101100001111111100111110111001000111001101001011110100011
1001000010010001011001000001100011011111001010110011101111000100
0011011100001011011000110001111100010111100111100101001110000001
1111110101111111101100101111011000000010000110000100011110101110
0110000110001100111001111110110100010110100110001101011111000010
0001100101000111000111110000110101110110111010000001100101100000
1010111111001101100111111100111101110010001101000010000010101011
0110000111001011011000100101101011111101001010110010000111101111
0000000011100100011010110111111100111110010011111000100111110111
0000000111111000101001001010000100010001000100101011111100100010
0011101011001010111110101001001111101000100101011000011010100110
1110101110100001001111010011111101100011110111101011011111111100
0001000101011000000000011010000001001010010110000100011010010111
0100000001111000010001000011111100000111001000111110011110100101
1010101001100011101111001111011100101111011011101001111010101000
1001000111100111001001001011100101001000011101010011000101001001
0000101010000011101110000000011011100001010110001011011000001110
