1010101000111001111000111100110111000000010100100101100010000010
1110101010011010011110000001111110001001111110100000001000111000
0010000110110011101111111100000111000101101011001110111100011110
0101010000011100111010000010001010101101111001001011010110110010
0100011100101111101010111010000101010011100100100100001010110011
1001101111101111000101001000001010110110001001001000001111011010
1110000101001110101101000000001001011011010110100111011010100101
1100100100000111100101111000100100011000000101111110110111101111
0010010001001100101001001100110010011111001011111111111111100000
1000100101100001001011110000001010011010100111100101111001011110
1000110111101101111110000000010000011101000000111100011000111011
