1010101000111001111000111100110111000000010100100101100010000010
1101010110010011100001110101101110001010011110110101110011100001
0111110111100101011001000000001101000000110011001110100000001110
1110101001110011000110110110010110000101001001011000000010000000
1001000010010001011001000001100011011111001010110011101111000100
1110000111011010010010101011001011110110011000010111110110111000
1010111010001110000000110110111101100011001000011011011111111011
1100011101100100111011110111000100111001100010110001110001110001
1011100011100011011010111011010110110100010110011100010001111111
1111001101001000010111010001011110100001010101011100101010100001
1110110011101000000001000100111101110111101000101011010101000100
1111110110110000011100000100111011100111100010001111111001111000
0010101011010000000100001101111000000001001110101111111111001001
