1010101000111001111000111100110111000000010100100101100010000010
1101011011111111010110011111110000010001001101101000101011001100
1111101101111100001110101110011100000100100111101111110010010011
1111100010111010010100010110011111101011000010011011001110010111
1000010101010010110110110000010011101011110010101010000011110100
1100111000101001100011101101101000101100111000000100010011111111
0000100011011011100001100010000010111101001011110111111111001111
1101110100000100100100011001101010100010111110111000011110101010
1111111101100111010111111011011000110001101010100100000001101101
1111111111111110111100110110011011110110011110110011100111000100
