0001111001010100010011010011011011110110100010001101000101111110
0111010010100110110100011000111101100100110011011010001010111011
1100000001111001111110101101111111000011000000011011010010010110
0110100110111101010010111111000111110101001110010100101100101100
1111001101000100010111011110011001111111011000010111100101011111
1111110101111111101100101111011000000010000110000100011110101110
0000100011011011100001100010000010111101001011110111111111001111
0011001000001100001111100000100001011111111100110110100111100010
1001101000010110100110001101110001010001101001111100110010110011
0110000101111010010011000111110010000001100001000100110011000010
1010101110010011111001111110101110001101100000111100111101101111
1111111111111110111100110110011011110110011110110011100111000100
0100011100100011010001101100010000011010011011100110011011000101
0100000000000111110000010100000000010001001110010000101001000011
0001010010001010110001010011110101010111110011101100010101101111
1100011001110100101101111010000111011110110001100011100010100100
0111011111110111011111110111101010111111100011100011010101101010
1111110011110000100101101101111111111010010011010000011011000101
0010110011010000000110010111111100101101100100001010100110100001
