0000101001101001000001101111100110011101101110111100100001110111
0110000100011100100010000000001110010000101100111011010010110000
0110011000101100100110110001100110111110001011100010101101000111
0001001010011100111110111101000111111000000110011010111100100101
0010110011010000000110010111111100101101100100001010100110100001
1111000110100111010110011111101001100011101001001110111001011001
1101001111011110000001001010111011100101111011010001011010100000
0111111111001010111111111100101011111111100101100010100100101110
1000100101100001001011110000001010011010100111100101111001011110
0101001111101011000101000110001101011010010010101111011001001111
0110100110111101010010111111000111110101001110010100101100101100
1000101011011011010001001011111010011100001110011000001100011100
1011110111011110000000100010101111000001001000111010111001101110
1100011001011001100111010011100011001001101101110110110010101101
1110110101111011011101110101100001010011110100110010010001001110
1100000010010111101000100000101001001111000010001011110111100100
0100011100101111101010111010000101010011100100100100001010110011
1011111101000010001110000010000001101111011111000101111001111111
1111010001111111111100111111001100110100100111101011010011110011
1011111011001001110111100111100100000000001100011011111100110000
1011111101100001111111100111110111001000111001101001011110100011
1111001101000100010111011110011001111111011000010111100101011111
1111011010010100101110010110001110101011000101111101010111111100
0000010000110100100111010011001001000101100011010001111000101000
0101000110100010000111101001000000000010100010000001011000000000
1100100010100111011000110110001001100001010010000110001001101100
1010001000010010011110110110001010110000101110111100001011100001
1100101001111000000011011011011000011011100110000100010001101110
0010010011101111000000110010000100001101000000001110010111101100
1110101010011010011110000001111110001001111110100000001000111000
0001010101010000110000101001010010000011101010111000100001101000
1110011110101101111001101101000010101101000011010101010110010010
1011011111110111110010011000010111110101100001011101111011101100
1010010110101000010111100001011110101100010010110111001001000111
1010111011100100110010001001011010101010011001101101111111010110
0010010001001100101001001100110010011111001011111111111111100000
0110111000110110111001100011101110100101010010100010101000100010
0111100000111110110100001010011011101100101001011010000010000011
0111001000101010001000010100010000010101111110101110111011001011
0001110000111100100010010000010101000101110100010001010001011001
0111011001001000000011111001011111111110110101011101110111111010
0111010010100110110100011000111101100100110011011010001010111011
0100110000010111110001100000000110100000101001101101110100000111
1101101111100111100110001110000101110111001100001000011110101011
1110000101001110101101000000001001011011010110100111011010100101
0101100110101001010001001011101101110001101001100001001000000100
1110110001010100111100111011111111101111101111111011000101001110
0011011010110110101011001110101000100001100010110010100101100001
1011110100101011011010111001110100101100111110111001011111011000
1001100111000011000111111001010100111110000000111100101101111101
1110100000101011011011010101111100011011100111110100001110111101
0101101100000101010011001101011111111110011000011110101010010101
0101010000011100111010000010001010101101111001001011010110110010
1100010101011100001011010011101110011000000011011000011110110011
1111101000000101010001100011010001101110100101000111000101101010
1111110110110000011100000100111011100111100010001111111001111000
0110111101000111100011101010101001001010110111001100000101011111
0010111000101000110010111011110111010111101100010101100010010110
1000011111101111111110000010000011001000110011110110010111101011
1001101111101111000101001000001010110110001001001000001111011010
0100010111000100010011100000001100111000111000011010111101110001
0111100010110101100001011100011000001111100110111010011101111100
1100100100000111100101111000100100011000000101111110110111101111
1110000001101011010011101000001010000010100001110001110110110010
0010111001011010101011100010001000101111110110001110111000010011
1010101000101000000000001000010000111100001100011111100000011111
1000110111101101111110000000010000011101000000111100011000111011
1000110000010011000111110000000001000010010010111001011000010001
1001100000110101110110100101111011111000110010000001100100010101
1001000010010001011001000001100011011111001010110011101111000100
0001011010111010100001011001100110101111010011111001010100011011
0000101010000011101110000000011011100001010110001011011000001110
1011111111101111010000111101010000101010111110111100110111010101
0000111100100101011111011001010011111100100101010011001001010011
0000001001101000001110101100001000100011001100010000010010000111
0111101010100101001101001100000100000001010010101001101000100101
0001101110011010011100010111100000100110001100110010010010110001
1010000000010010001000010110001011010100100011101101000100001011
0111110001001110110110011110110010011100101001100101101111110111
0010101101000101000000100110001100011100010000100000000001001000
1001100110011011101110010101111001010101101001000010010101000000
0110000111110111110011100010000101110000001111010001001000001011
0101000110101110110011000000001011001010010000010101010110001111
0010000110110011101111111100000111000101101011001110111100011110
1101110101010101001000100110101100100010101000111100100110001100
0011000010010100010100101111101111011010111111011000001100110111
1011010110010110011110010101101101111101001101111110010101110100
0001110101110001001010110000000000111000001001101001001011101110
0100111001101010110100001011110101110101111001011111100100101101
0001111001010100010011010011011011110110100010001101000101111110
0110011100010111100011011011011101100100111001111011000000110100
0010001100001011000100100011110101001010111010000101010110000010
0011101110011110111001010010111000011001111010010001100110001011
0000000011100100011010110111111100111110010011111000100111110111
1101011011111111010110011111110000010001001101101000101011001100
0110000000110100000010000000001111101000101100110110100101011001
1011000110101010001000100110001110100001001000110011011101110100
1101101010001111110110111110011111100010100000111111001001101111
1010101000111001111000111100110111000000010100100101100010000010
0101101001001001101111011111001010011011010111000011110000010011
