0101010000011100111010000010001010101101111001001011010110110010
1101110101010101001000100110101100100010101000111100100110001100
1000101011011011010001001011111010011100001110011000001100011100
0010110001000101011110000000100100010000011101010001100001100010
0101000110100010000111101001000000000010100010000001011000000000
0111101010100101001101001100000100000001010010101001101000100101
1101110000101011111101111110100001001111001000001110010111111101
1001100000110101110110100101111011111000110010000001100100010101
0011011010100010101110000111011010001001111111111011111000010101
0110000100011100100010000000001110010000101100111011010010110000
1010100010000110100000111100010000100011110001000100001000101101
1111110110110000011100000100111011100111100010001111111001111000
0010110011010000000110010111111100101101100100001010100110100001
1100101001111000000011011011011000011011100110000100010001101110
0110111101000111100011101010101001001010110111001100000101011111
0101000010100000001000101110011110000101001010000101110110001001
0111001000101010001000010100010000010101111110101110111011001011
0000100010101100100101010000010000001000110010000000010011111000
1110101010011010011110000001111110001001111110100000001000111000
1110000101001110101101000000001001011011010110100111011010100101
0010111000101000110010111011110111010111101100010101100010010110
0011011000110011011011000100011100110001100100000000000011010100
0001010101010000110000101001010010000011101010111000100001101000
1000100101100001001011110000001010011010100111100101111001011110
0101001111101011000101000110001101011010010010101111011001001111
1110011001011110011110100101111011100010110101100001101001100101
1100100010100111011000110110001001100001010010000110001001101100
1011011111110111110010011000010111110101100001011101111011101100
1001101111101111000101001000001010110110001001001000001111011010
0110011000101000001001100100000000111100011010000111010100010001
1110000101101110011100001001101100010100000101011000111001000100
1010111011100100110010001001011010101010011001101101111111010110
0100010111000100010011100000001100111000111000011010111101110001
0010010001001100101001001100110010011111001011111111111111100000
0111000000011110101010010110101000111100110001001000101001000000
0110000111110111110011100010000101110000001111010001001000001011
0110111000110110111001100011101110100101010010100010101000100010
0001110101101100100110011001100000010101000011101011110111110111
1111000110100111010110011111101001100011101001001110111001011001
0010000110110011101111111100000111000101101011001110111100011110
0111100010110101100001011100011000001111100110111010011101111100
1100100100000111100101111000100100011000000101111110110111101111
1110000001101011010011101000001010000010100001110001110110110010
0011000010010100010100101111101111011010111111011000001100110111
1001101000010110100110001101110001010001101001111100110010110011
1001100110011011101110010101111001010101101001000010010101000000
1000100110010111110011011010011001110110011110000011011000111001
0001110000111100100010010000010101000101110100010001010001011001
0111011001001000000011111001011111111110110101011101110111111010
0001110101110001001010110000000000111000001001101001001011101110
1111111111111110111100110110011011110110011110110011100111000100
0100111001101010110100001011110101110101111001011111100100101101
0111010010100110110100011000111101100100110011011010001010111011
0100110000010111110001100000000110100000101001101101110100000111
1101101111100111100110001110000101110111001100001000011110101011
1001000001110110111100100101000001001000100110111101011110011111
0010100010000001000001110110010010011100110110110111001101110111
0110011100010111100011011011011101100100111001111011000000110100
1011110111011110000000100010101111000001001000111010111001101110
0100011100101111101010111010000101010011100100100100001010110011
0010001100001011000100100011110101001010111010000101010110000010
1110100000101011011011010101111100011011100111110100001110111101
0000000011100100011010110111111100111110010011111000100111110111
1011111101000010001110000010000001101111011111000101111001111111
1011111011001001110111100111100100000000001100011011111100110000
1000110111101101111110000000010000011101000000111100011000111011
1110110001010100111100111011111111101111101111111011000101001110
1101011011111111010110011111110000010001001101101000101011001100
0001111001010100010011010011011011110110100010001101000101111110
1111011010010100101110010110001110101011000101111101010111111100
0011011010110110101011001110101000100001100010110010100101100001
1010101000111001111000111100110111000000010100100101100010000010
1000011111101111111110000010000011001000110011110110010111101011
1011101101000111011101001011101111101101000101001101101101010010
1001000010010001011001000001100011011111001010110011101111000100
0000101010000011101110000000011011100001010110001011011000001110
0100111101000111101110000101111111111001100101101011110100010001
1010101101000000110000100101000001101011000011100100010011000000
0011101110011110111001010010111000011001111010010001100110001011
0001010101110000011111111110010010011001100011100010000000000010
1010101110010011111001111110101110001101100000111100111101101111
1010101100110110001010100101100101111100001100101010101001101010
0101000110101110110011000000001011001010010000010101010110001111
