1111111111111111111111111111111100000000000000000000000000000000
0000000000000000000000000000000000000000000000000000000000000000
1111111111111111111111111111111100000000000000000000000000000000
0000000000000000000000000000000011111111111111111111111111111111
0000000000000000000000000000000000000000000000000000000000000000
0000000000000000000000000000000011111111111111111111111111111111
1111111111111111111111111111111111111111111111111111111111111111
0000000000000000000000000000000111111111111111111111111111111111
1111111111111111111111111111111111111111111111111111111111111111
1111111111111111111111111111111111111111111111111111111111111111
1111111111111111111111111111111100000000000000000000000000000001
1111111111111111111111111111111111111111111111111111111111111111
0101010101010101010101010101010101010101010101010101010101010101
1010101010101010101010101010101010101010101010101010101010101011
0101010101010101010101010101010101010101010101010101010101010101
1010101010101010101010101010101110101010101010101010101010101010
0101010101010101010101010101010101010101010101010101010101010101
