1111111111111111111111111111111100000000000000000000000000000000
0000000000000000000000000000000000000000000000000000000000000000
1111111111111111111111111111111100000000000000000000000000000000
0000000000000000000000000000000011111111111111111111111111111111
0000000000000000000000000000000000000000000000000000000000000000
0000000000000000000000000000000011111111111111111111111111111111
1111111111111111111111111111111111111111111111111111111111111111
0000000000000000000000000000000111111111111111111111111111111111
1111111111111111111111111111111111111111111111111111111111111111
1111111111111111111111111111111111111111111111111111111111111111
1111111111111111111111111111111100000000000000000000000000000001
1111111111111111111111111111111111111111111111111111111111111111
0000000000000000000000000000000111111111111111111111111111111111
1111111111111111111111111111111000000000000000000000000000000001
0000000000000000000000000000000111111111111111111111111111111111
1111111111111111111111111111111111111111111111111111111111111111
0101010101010101010101010100101101010101010101010101010101010010
1111111111111111111111111111111111111111111111111111111111111111
1111111111111111111111111111111111111111111111111111111111111111
1010101010101010101010101011011010101010101010101010101010101100
1111111111111111111111111111111111111111111111111111111111111111
