0000000000000000000000000000000000000000000000000000000000000011
1010101010101010101010101010101000000000000000000000000000000011
1101001101001101010101010101010100000000000000000000000000000011
0001100110011001100110011001101000000000000000000000000000000011
0011010100110110011001100110011000000000000000000000000000000011
0100110011010100110011001100101100000000000000000000000000000011
0110011101110011111100110011011100000000000000000000000000000011
1111110111011101010111101101111100000000000000000000000000000011
0101011001100110101110110110110000000000000000000000000000000011
1010101010101011000101011011001100000000000000000000000000000011
0000000000000000000000000000000000000000000000000000000000000110
1010101010101010101010101010101000000000000000000000000000000110
1101001101001101010101010101010100000000000000000000000000000110
0001100110011001100110011001101000000000000000000000000000000110
0011010100110110011001100110011000000000000000000000000000000110
0100110011010100110011001100101100000000000000000000000000000110
0110011101110011111100110011011100000000000000000000000000000110
1111110111011101010111101101111100000000000000000000000000000110
0101011001100110101110110110110000000000000000000000000000000110
1010101010101011000101011011001100000000000000000000000000000110
0000000000000000000000000000000000000000000000000000000000001100
1010101010101010101010101010101000000000000000000000000000001100
1101001101001101010101010101010100000000000000000000000000001100
0001100110011001100110011001101000000000000000000000000000001100
0011010100110110011001100110011000000000000000000000000000001100
0100110011010100110011001100101100000000000000000000000000001100
0110011101110011111100110011011100000000000000000000000000001100
1111110111011101010111101101111100000000000000000000000000001100
0101011001100110101110110110110000000000000000000000000000001100
1010101010101011000101011011001100000000000000000000000000001100
0000000000000000000000000000000000000000000000000000000000011000
1010101010101010101010101010101000000000000000000000000000011000
1101001101001101010101010101010100000000000000000000000000011000
0001100110011001100110011001101000000000000000000000000000011000
0011010100110110011001100110011000000000000000000000000000011000
0100110011010100110011001100101100000000000000000000000000011000
0110011101110011111100110011011100000000000000000000000000011000
1111110111011101010111101101111100000000000000000000000000011000
0101011001100110101110110110110000000000000000000000000000011000
1010101010101011000101011011001100000000000000000000000000011000
0000000000000000000000000000000000000000000000000000000000110000
1010101010101010101010101010101000000000000000000000000000110000
1101001101001101010101010101010100000000000000000000000000110000
0001100110011001100110011001101000000000000000000000000000110000
0011010100110110011001100110011000000000000000000000000000110000
0100110011010100110011001100101100000000000000000000000000110000
0110011101110011111100110011011100000000000000000000000000110000
1111110111011101010111101101111100000000000000000000000000110000
0101011001100110101110110110110000000000000000000000000000110000
1010101010101011000101011011001100000000000000000000000000110000
0000000000000000000000000000000000000000000000000000000001100000
1010101010101010101010101010101000000000000000000000000001100000
1101001101001101010101010101010100000000000000000000000001100000
0001100110011001100110011001101000000000000000000000000001100000
0011010100110110011001100110011000000000000000000000000001100000
0100110011010100110011001100101100000000000000000000000001100000
0110011101110011111100110011011100000000000000000000000001100000
1111110111011101010111101101111100000000000000000000000001100000
0101011001100110101110110110110000000000000000000000000001100000
1010101010101011000101011011001100000000000000000000000001100000
0000000000000000000000000000000000000000000000000000000011000000
1010101010101010101010101010101000000000000000000000000011000000
1101001101001101010101010101010100000000000000000000000011000000
0001100110011001100110011001101000000000000000000000000011000000
0011010100110110011001100110011000000000000000000000000011000000
0100110011010100110011001100101100000000000000000000000011000000
0110011101110011111100110011011100000000000000000000000011000000
1111110111011101010111101101111100000000000000000000000011000000
0101011001100110101110110110110000000000000000000000000011000000
1010101010101011000101011011001100000000000000000000000011000000
0000000000000000000000000000000000000000000000000000000110000000
1010101010101010101010101010101000000000000000000000000110000000
1101001101001101010101010101010100000000000000000000000110000000
0001100110011001100110011001101000000000000000000000000110000000
0011010100110110011001100110011000000000000000000000000110000000
0100110011010100110011001100101100000000000000000000000110000000
0110011101110011111100110011011100000000000000000000000110000000
1111110111011101010111101101111100000000000000000000000110000000
0101011001100110101110110110110000000000000000000000000110000000
1010101010101011000101011011001100000000000000000000000110000000
0000000000000000000000000000000000000000000000000000001100000000
1010101010101010101010101010101000000000000000000000001100000000
1101001101001101010101010101010100000000000000000000001100000000
0001100110011001100110011001101000000000000000000000001100000000
0011010100110110011001100110011000000000000000000000001100000000
0100110011010100110011001100101100000000000000000000001100000000
0110011101110011111100110011011100000000000000000000001100000000
1111110111011101010111101101111100000000000000000000001100000000
0101011001100110101110110110110000000000000000000000001100000000
1010101010101011000101011011001100000000000000000000001100000000
0000000000000000000000000000000000000000000000000000011000000000
1010101010101010101010101010101000000000000000000000011000000000
1101001101001101010101010101010100000000000000000000011000000000
0001100110011001100110011001101000000000000000000000011000000000
0011010100110110011001100110011000000000000000000000011000000000
0100110011010100110011001100101100000000000000000000011000000000
0110011101110011111100110011011100000000000000000000011000000000
1111110111011101010111101101111100000000000000000000011000000000
0101011001100110101110110110110000000000000000000000011000000000
1010101010101011000101011011001100000000000000000000011000000000
0000000000000000000000000000000000000000000000000000110000000000
1010101010101010101010101010101000000000000000000000110000000000
1101001101001101010101010101010100000000000000000000110000000000
0001100110011001100110011001101000000000000000000000110000000000
0011010100110110011001100110011000000000000000000000110000000000
0100110011010100110011001100101100000000000000000000110000000000
0110011101110011111100110011011100000000000000000000110000000000
1111110111011101010111101101111100000000000000000000110000000000
0101011001100110101110110110110000000000000000000000110000000000
1010101010101011000101011011001100000000000000000000110000000000
0000000000000000000000000000000000000000000000000001100000000000
1010101010101010101010101010101000000000000000000001100000000000
1101001101001101010101010101010100000000000000000001100000000000
0001100110011001100110011001101000000000000000000001100000000000
0011010100110110011001100110011000000000000000000001100000000000
0100110011010100110011001100101100000000000000000001100000000000
0110011101110011111100110011011100000000000000000001100000000000
1111110111011101010111101101111100000000000000000001100000000000
0101011001100110101110110110110000000000000000000001100000000000
1010101010101011000101011011001100000000000000000001100000000000
0000000000000000000000000000000000000000000000000011000000000000
1010101010101010101010101010101000000000000000000011000000000000
1101001101001101010101010101010100000000000000000011000000000000
0001100110011001100110011001101000000000000000000011000000000000
0011010100110110011001100110011000000000000000000011000000000000
0100110011010100110011001100101100000000000000000011000000000000
0110011101110011111100110011011100000000000000000011000000000000
1111110111011101010111101101111100000000000000000011000000000000
0101011001100110101110110110110000000000000000000011000000000000
1010101010101011000101011011001100000000000000000011000000000000
0000000000000000000000000000000000000000000000000110000000000000
1010101010101010101010101010101000000000000000000110000000000000
1101001101001101010101010101010100000000000000000110000000000000
0001100110011001100110011001101000000000000000000110000000000000
0011010100110110011001100110011000000000000000000110000000000000
0100110011010100110011001100101100000000000000000110000000000000
0110011101110011111100110011011100000000000000000110000000000000
1111110111011101010111101101111100000000000000000110000000000000
0101011001100110101110110110110000000000000000000110000000000000
1010101010101011000101011011001100000000000000000110000000000000
0000000000000000000000000000000000000000000000001100000000000000
1010101010101010101010101010101000000000000000001100000000000000
1101001101001101010101010101010100000000000000001100000000000000
0001100110011001100110011001101000000000000000001100000000000000
0011010100110110011001100110011000000000000000001100000000000000
0100110011010100110011001100101100000000000000001100000000000000
0110011101110011111100110011011100000000000000001100000000000000
1111110111011101010111101101111100000000000000001100000000000000
0101011001100110101110110110110000000000000000001100000000000000
1010101010101011000101011011001100000000000000001100000000000000
0000000000000000000000000000000000000000000000011000000000000000
1010101010101010101010101010101000000000000000011000000000000000
1101001101001101010101010101010100000000000000011000000000000000
0001100110011001100110011001101000000000000000011000000000000000
0011010100110110011001100110011000000000000000011000000000000000
0100110011010100110011001100101100000000000000011000000000000000
0110011101110011111100110011011100000000000000011000000000000000
1111110111011101010111101101111100000000000000011000000000000000
0101011001100110101110110110110000000000000000011000000000000000
1010101010101011000101011011001100000000000000011000000000000000
0000000000000000000000000000000000000000000000110000000000000000
1010101010101010101010101010101000000000000000110000000000000000
1101001101001101010101010101010100000000000000110000000000000000
0001100110011001100110011001101000000000000000110000000000000000
0011010100110110011001100110011000000000000000110000000000000000
0100110011010100110011001100101100000000000000110000000000000000
0110011101110011111100110011011100000000000000110000000000000000
1111110111011101010111101101111100000000000000110000000000000000
0101011001100110101110110110110000000000000000110000000000000000
1010101010101011000101011011001100000000000000110000000000000000
0000000000000000000000000000000000000000000001100000000000000000
1010101010101010101010101010101000000000000001100000000000000000
1101001101001101010101010101010100000000000001100000000000000000
0001100110011001100110011001101000000000000001100000000000000000
0011010100110110011001100110011000000000000001100000000000000000
0100110011010100110011001100101100000000000001100000000000000000
0110011101110011111100110011011100000000000001100000000000000000
1111110111011101010111101101111100000000000001100000000000000000
0101011001100110101110110110110000000000000001100000000000000000
1010101010101011000101011011001100000000000001100000000000000000
0000000000000000000000000000000000000000000011000000000000000000
1010101010101010101010101010101000000000000011000000000000000000
1101001101001101010101010101010100000000000011000000000000000000
0001100110011001100110011001101000000000000011000000000000000000
0011010100110110011001100110011000000000000011000000000000000000
0100110011010100110011001100101100000000000011000000000000000000
0110011101110011111100110011011100000000000011000000000000000000
1111110111011101010111101101111100000000000011000000000000000000
0101011001100110101110110110110000000000000011000000000000000000
1010101010101011000101011011001100000000000011000000000000000000
0000000000000000000000000000000000000000000110000000000000000000
1010101010101010101010101010101000000000000110000000000000000000
1101001101001101010101010101010100000000000110000000000000000000
0001100110011001100110011001101000000000000110000000000000000000
0011010100110110011001100110011000000000000110000000000000000000
0100110011010100110011001100101100000000000110000000000000000000
0110011101110011111100110011011100000000000110000000000000000000
1111110111011101010111101101111100000000000110000000000000000000
0101011001100110101110110110110000000000000110000000000000000000
1010101010101011000101011011001100000000000110000000000000000000
0000000000000000000000000000000000000000001100000000000000000000
1010101010101010101010101010101000000000001100000000000000000000
1101001101001101010101010101010100000000001100000000000000000000
0001100110011001100110011001101000000000001100000000000000000000
0011010100110110011001100110011000000000001100000000000000000000
0100110011010100110011001100101100000000001100000000000000000000
0110011101110011111100110011011100000000001100000000000000000000
1111110111011101010111101101111100000000001100000000000000000000
0101011001100110101110110110110000000000001100000000000000000000
1010101010101011000101011011001100000000001100000000000000000000
0000000000000000000000000000000000000000011000000000000000000000
1010101010101010101010101010101000000000011000000000000000000000
1101001101001101010101010101010100000000011000000000000000000000
0001100110011001100110011001101000000000011000000000000000000000
0011010100110110011001100110011000000000011000000000000000000000
0100110011010100110011001100101100000000011000000000000000000000
0110011101110011111100110011011100000000011000000000000000000000
1111110111011101010111101101111100000000011000000000000000000000
0101011001100110101110110110110000000000011000000000000000000000
1010101010101011000101011011001100000000011000000000000000000000
0000000000000000000000000000000000000000110000000000000000000000
1010101010101010101010101010101000000000110000000000000000000000
1101001101001101010101010101010100000000110000000000000000000000
0001100110011001100110011001101000000000110000000000000000000000
0011010100110110011001100110011000000000110000000000000000000000
0100110011010100110011001100101100000000110000000000000000000000
0110011101110011111100110011011100000000110000000000000000000000
1111110111011101010111101101111100000000110000000000000000000000
0101011001100110101110110110110000000000110000000000000000000000
1010101010101011000101011011001100000000110000000000000000000000
0000000000000000000000000000000000000001100000000000000000000000
1010101010101010101010101010101000000001100000000000000000000000
1101001101001101010101010101010100000001100000000000000000000000
0001100110011001100110011001101000000001100000000000000000000000
0011010100110110011001100110011000000001100000000000000000000000
0100110011010100110011001100101100000001100000000000000000000000
0110011101110011111100110011011100000001100000000000000000000000
1111110111011101010111101101111100000001100000000000000000000000
0101011001100110101110110110110000000001100000000000000000000000
1010101010101011000101011011001100000001100000000000000000000000
0000000000000000000000000000000000000011000000000000000000000000
1010101010101010101010101010101000000011000000000000000000000000
1101001101001101010101010101010100000011000000000000000000000000
0001100110011001100110011001101000000011000000000000000000000000
0011010100110110011001100110011000000011000000000000000000000000
0100110011010100110011001100101100000011000000000000000000000000
0110011101110011111100110011011100000011000000000000000000000000
1111110111011101010111101101111100000011000000000000000000000000
0101011001100110101110110110110000000011000000000000000000000000
1010101010101011000101011011001100000011000000000000000000000000
0000000000000000000000000000000000000110000000000000000000000000
1010101010101010101010101010101000000110000000000000000000000000
1101001101001101010101010101010100000110000000000000000000000000
0001100110011001100110011001101000000110000000000000000000000000
0011010100110110011001100110011000000110000000000000000000000000
0100110011010100110011001100101100000110000000000000000000000000
0110011101110011111100110011011100000110000000000000000000000000
1111110111011101010111101101111100000110000000000000000000000000
0101011001100110101110110110110000000110000000000000000000000000
1010101010101011000101011011001100000110000000000000000000000000
0000000000000000000000000000000000001100000000000000000000000000
1010101010101010101010101010101000001100000000000000000000000000
1101001101001101010101010101010100001100000000000000000000000000
0001100110011001100110011001101000001100000000000000000000000000
0011010100110110011001100110011000001100000000000000000000000000
0100110011010100110011001100101100001100000000000000000000000000
0110011101110011111100110011011100001100000000000000000000000000
1111110111011101010111101101111100001100000000000000000000000000
0101011001100110101110110110110000001100000000000000000000000000
1010101010101011000101011011001100001100000000000000000000000000
0000000000000000000000000000000000011000000000000000000000000000
1010101010101010101010101010101000011000000000000000000000000000
1101001101001101010101010101010100011000000000000000000000000000
0001100110011001100110011001101000011000000000000000000000000000
0011010100110110011001100110011000011000000000000000000000000000
0100110011010100110011001100101100011000000000000000000000000000
0110011101110011111100110011011100011000000000000000000000000000
1111110111011101010111101101111100011000000000000000000000000000
0101011001100110101110110110110000011000000000000000000000000000
1010101010101011000101011011001100011000000000000000000000000000
0000000000000000000000000000000000110000000000000000000000000000
1010101010101010101010101010101000110000000000000000000000000000
1101001101001101010101010101010100110000000000000000000000000000
0001100110011001100110011001101000110000000000000000000000000000
0011010100110110011001100110011000110000000000000000000000000000
0100110011010100110011001100101100110000000000000000000000000000
0110011101110011111100110011011100110000000000000000000000000000
1111110111011101010111101101111100110000000000000000000000000000
0101011001100110101110110110110000110000000000000000000000000000
1010101010101011000101011011001100110000000000000000000000000000
0000000000000000000000000000000001100000000000000000000000000000
1010101010101010101010101010101001100000000000000000000000000000
1101001101001101010101010101010101100000000000000000000000000000
0001100110011001100110011001101001100000000000000000000000000000
0011010100110110011001100110011001100000000000000000000000000000
0100110011010100110011001100101101100000000000000000000000000000
0110011101110011111100110011011101100000000000000000000000000000
1111110111011101010111101101111101100000000000000000000000000000
0101011001100110101110110110110001100000000000000000000000000000
1010101010101011000101011011001101100000000000000000000000000000
0000000000000000000000000000000011000000000000000000000000000000
1010101010101010101010101010101011000000000000000000000000000000
1101001101001101010101010101010111000000000000000000000000000000
0001100110011001100110011001101011000000000000000000000000000000
0011010100110110011001100110011011000000000000000000000000000000
0100110011010100110011001100101111000000000000000000000000000000
0110011101110011111100110011011111000000000000000000000000000000
1111110111011101010111101101111111000000000000000000000000000000
0101011001100110101110110110110011000000000000000000000000000000
1010101010101011000101011011001111000000000000000000000000000000
